/*--------------------------------*- C++ -*----------------------------------*\
  =========                 |
  \\      /  F ield         | OpenFOAM: The Open Source CFD Toolbox
   \\    /   O peration     | Website:  https://openfoam.org
    \\  /    A nd           | Version:  8
     \\/     M anipulation  |
\*---------------------------------------------------------------------------*/
FoamFile
{
    version     2.0;
    format      ascii;
    class       faceList;
    location    "constant/cathode/polyMesh";
    object      faces;
}
// * * * * * * * * * * * * * * * * * * * * * * * * * * * * * * * * * * * * * //


401
(
4(4 84 244 164)
4(5 85 245 165)
4(6 86 246 166)
4(7 87 247 167)
4(8 88 248 168)
4(9 89 249 169)
4(10 90 250 170)
4(11 91 251 171)
4(12 92 252 172)
4(13 93 253 173)
4(14 94 254 174)
4(15 95 255 175)
4(16 96 256 176)
4(17 97 257 177)
4(18 98 258 178)
4(19 99 259 179)
4(20 100 260 180)
4(21 101 261 181)
4(22 102 262 182)
4(23 103 263 183)
4(24 104 264 184)
4(25 105 265 185)
4(26 106 266 186)
4(27 107 267 187)
4(28 108 268 188)
4(29 109 269 189)
4(30 110 270 190)
4(31 111 271 191)
4(32 112 272 192)
4(33 113 273 193)
4(34 114 274 194)
4(35 115 275 195)
4(36 116 276 196)
4(37 117 277 197)
4(38 118 278 198)
4(39 119 279 199)
4(40 120 280 200)
4(41 121 281 201)
4(42 122 282 202)
4(43 123 283 203)
4(44 124 284 204)
4(45 125 285 205)
4(46 126 286 206)
4(47 127 287 207)
4(48 128 288 208)
4(49 129 289 209)
4(50 130 290 210)
4(51 131 291 211)
4(52 132 292 212)
4(53 133 293 213)
4(54 134 294 214)
4(55 135 295 215)
4(56 136 296 216)
4(57 137 297 217)
4(58 138 298 218)
4(59 139 299 219)
4(60 140 300 220)
4(61 141 301 221)
4(62 142 302 222)
4(63 143 303 223)
4(64 144 304 224)
4(65 145 305 225)
4(66 146 306 226)
4(67 147 307 227)
4(68 148 308 228)
4(69 149 309 229)
4(70 150 310 230)
4(71 151 311 231)
4(72 152 312 232)
4(73 153 313 233)
4(74 154 314 234)
4(75 155 315 235)
4(76 156 316 236)
4(77 157 317 237)
4(78 158 318 238)
4(79 159 319 239)
4(80 160 320 240)
4(81 161 321 241)
4(82 162 322 242)
4(83 163 323 243)
4(0 4 164 2)
4(4 5 165 164)
4(5 6 166 165)
4(6 7 167 166)
4(7 8 168 167)
4(8 9 169 168)
4(9 10 170 169)
4(10 11 171 170)
4(11 12 172 171)
4(12 13 173 172)
4(13 14 174 173)
4(14 15 175 174)
4(15 16 176 175)
4(16 17 177 176)
4(17 18 178 177)
4(18 19 179 178)
4(19 20 180 179)
4(20 21 181 180)
4(21 22 182 181)
4(22 23 183 182)
4(23 24 184 183)
4(24 25 185 184)
4(25 26 186 185)
4(26 27 187 186)
4(27 28 188 187)
4(28 29 189 188)
4(29 30 190 189)
4(30 31 191 190)
4(31 32 192 191)
4(32 33 193 192)
4(33 34 194 193)
4(34 35 195 194)
4(35 36 196 195)
4(36 37 197 196)
4(37 38 198 197)
4(38 39 199 198)
4(39 40 200 199)
4(40 41 201 200)
4(41 42 202 201)
4(42 43 203 202)
4(43 44 204 203)
4(44 45 205 204)
4(45 46 206 205)
4(46 47 207 206)
4(47 48 208 207)
4(48 49 209 208)
4(49 50 210 209)
4(50 51 211 210)
4(51 52 212 211)
4(52 53 213 212)
4(53 54 214 213)
4(54 55 215 214)
4(55 56 216 215)
4(56 57 217 216)
4(57 58 218 217)
4(58 59 219 218)
4(59 60 220 219)
4(60 61 221 220)
4(61 62 222 221)
4(62 63 223 222)
4(63 64 224 223)
4(64 65 225 224)
4(65 66 226 225)
4(66 67 227 226)
4(67 68 228 227)
4(68 69 229 228)
4(69 70 230 229)
4(70 71 231 230)
4(71 72 232 231)
4(72 73 233 232)
4(73 74 234 233)
4(74 75 235 234)
4(75 76 236 235)
4(76 77 237 236)
4(77 78 238 237)
4(78 79 239 238)
4(79 80 240 239)
4(80 81 241 240)
4(81 82 242 241)
4(82 83 243 242)
4(1 3 244 84)
4(84 244 245 85)
4(85 245 246 86)
4(86 246 247 87)
4(87 247 248 88)
4(88 248 249 89)
4(89 249 250 90)
4(90 250 251 91)
4(91 251 252 92)
4(92 252 253 93)
4(93 253 254 94)
4(94 254 255 95)
4(95 255 256 96)
4(96 256 257 97)
4(97 257 258 98)
4(98 258 259 99)
4(99 259 260 100)
4(100 260 261 101)
4(101 261 262 102)
4(102 262 263 103)
4(103 263 264 104)
4(104 264 265 105)
4(105 265 266 106)
4(106 266 267 107)
4(107 267 268 108)
4(108 268 269 109)
4(109 269 270 110)
4(110 270 271 111)
4(111 271 272 112)
4(112 272 273 113)
4(113 273 274 114)
4(114 274 275 115)
4(115 275 276 116)
4(116 276 277 117)
4(117 277 278 118)
4(118 278 279 119)
4(119 279 280 120)
4(120 280 281 121)
4(121 281 282 122)
4(122 282 283 123)
4(123 283 284 124)
4(124 284 285 125)
4(125 285 286 126)
4(126 286 287 127)
4(127 287 288 128)
4(128 288 289 129)
4(129 289 290 130)
4(130 290 291 131)
4(131 291 292 132)
4(132 292 293 133)
4(133 293 294 134)
4(134 294 295 135)
4(135 295 296 136)
4(136 296 297 137)
4(137 297 298 138)
4(138 298 299 139)
4(139 299 300 140)
4(140 300 301 141)
4(141 301 302 142)
4(142 302 303 143)
4(143 303 304 144)
4(144 304 305 145)
4(145 305 306 146)
4(146 306 307 147)
4(147 307 308 148)
4(148 308 309 149)
4(149 309 310 150)
4(150 310 311 151)
4(151 311 312 152)
4(152 312 313 153)
4(153 313 314 154)
4(154 314 315 155)
4(155 315 316 156)
4(156 316 317 157)
4(157 317 318 158)
4(158 318 319 159)
4(159 319 320 160)
4(160 320 321 161)
4(161 321 322 162)
4(162 322 323 163)
4(0 1 84 4)
4(4 84 85 5)
4(5 85 86 6)
4(6 86 87 7)
4(7 87 88 8)
4(8 88 89 9)
4(9 89 90 10)
4(10 90 91 11)
4(11 91 92 12)
4(12 92 93 13)
4(13 93 94 14)
4(14 94 95 15)
4(15 95 96 16)
4(16 96 97 17)
4(17 97 98 18)
4(18 98 99 19)
4(19 99 100 20)
4(20 100 101 21)
4(21 101 102 22)
4(22 102 103 23)
4(23 103 104 24)
4(24 104 105 25)
4(25 105 106 26)
4(26 106 107 27)
4(27 107 108 28)
4(28 108 109 29)
4(29 109 110 30)
4(30 110 111 31)
4(31 111 112 32)
4(32 112 113 33)
4(33 113 114 34)
4(34 114 115 35)
4(35 115 116 36)
4(36 116 117 37)
4(37 117 118 38)
4(38 118 119 39)
4(39 119 120 40)
4(40 120 121 41)
4(41 121 122 42)
4(42 122 123 43)
4(43 123 124 44)
4(44 124 125 45)
4(45 125 126 46)
4(46 126 127 47)
4(47 127 128 48)
4(48 128 129 49)
4(49 129 130 50)
4(50 130 131 51)
4(51 131 132 52)
4(52 132 133 53)
4(53 133 134 54)
4(54 134 135 55)
4(55 135 136 56)
4(56 136 137 57)
4(57 137 138 58)
4(58 138 139 59)
4(59 139 140 60)
4(60 140 141 61)
4(61 141 142 62)
4(62 142 143 63)
4(63 143 144 64)
4(64 144 145 65)
4(65 145 146 66)
4(66 146 147 67)
4(67 147 148 68)
4(68 148 149 69)
4(69 149 150 70)
4(70 150 151 71)
4(71 151 152 72)
4(72 152 153 73)
4(73 153 154 74)
4(74 154 155 75)
4(75 155 156 76)
4(76 156 157 77)
4(77 157 158 78)
4(78 158 159 79)
4(79 159 160 80)
4(80 160 161 81)
4(81 161 162 82)
4(82 162 163 83)
4(2 164 244 3)
4(164 165 245 244)
4(165 166 246 245)
4(166 167 247 246)
4(167 168 248 247)
4(168 169 249 248)
4(169 170 250 249)
4(170 171 251 250)
4(171 172 252 251)
4(172 173 253 252)
4(173 174 254 253)
4(174 175 255 254)
4(175 176 256 255)
4(176 177 257 256)
4(177 178 258 257)
4(178 179 259 258)
4(179 180 260 259)
4(180 181 261 260)
4(181 182 262 261)
4(182 183 263 262)
4(183 184 264 263)
4(184 185 265 264)
4(185 186 266 265)
4(186 187 267 266)
4(187 188 268 267)
4(188 189 269 268)
4(189 190 270 269)
4(190 191 271 270)
4(191 192 272 271)
4(192 193 273 272)
4(193 194 274 273)
4(194 195 275 274)
4(195 196 276 275)
4(196 197 277 276)
4(197 198 278 277)
4(198 199 279 278)
4(199 200 280 279)
4(200 201 281 280)
4(201 202 282 281)
4(202 203 283 282)
4(203 204 284 283)
4(204 205 285 284)
4(205 206 286 285)
4(206 207 287 286)
4(207 208 288 287)
4(208 209 289 288)
4(209 210 290 289)
4(210 211 291 290)
4(211 212 292 291)
4(212 213 293 292)
4(213 214 294 293)
4(214 215 295 294)
4(215 216 296 295)
4(216 217 297 296)
4(217 218 298 297)
4(218 219 299 298)
4(219 220 300 299)
4(220 221 301 300)
4(221 222 302 301)
4(222 223 303 302)
4(223 224 304 303)
4(224 225 305 304)
4(225 226 306 305)
4(226 227 307 306)
4(227 228 308 307)
4(228 229 309 308)
4(229 230 310 309)
4(230 231 311 310)
4(231 232 312 311)
4(232 233 313 312)
4(233 234 314 313)
4(234 235 315 314)
4(235 236 316 315)
4(236 237 317 316)
4(237 238 318 317)
4(238 239 319 318)
4(239 240 320 319)
4(240 241 321 320)
4(241 242 322 321)
4(242 243 323 322)
4(0 2 3 1)
)


// ************************************************************************* //
