/*--------------------------------*- C++ -*----------------------------------*\
  =========                 |
  \\      /  F ield         | OpenFOAM: The Open Source CFD Toolbox
   \\    /   O peration     | Website:  https://openfoam.org
    \\  /    A nd           | Version:  8
     \\/     M anipulation  |
\*---------------------------------------------------------------------------*/
FoamFile
{
    version     2.0;
    format      ascii;
    class       vectorField;
    location    "constant/cathode/polyMesh";
    object      points;
}
// * * * * * * * * * * * * * * * * * * * * * * * * * * * * * * * * * * * * * //


324
(
(0.000113 0 0)
(0.000113 3e-05 0)
(0.000113 0 1e-05)
(0.000113 3e-05 1e-05)
(0.000114 0 0)
(0.000115 0 0)
(0.000116 0 0)
(0.000117 0 0)
(0.000118 0 0)
(0.000119 0 0)
(0.00012 0 0)
(0.000121 0 0)
(0.000122 0 0)
(0.000123 0 0)
(0.000124 0 0)
(0.000125 0 0)
(0.000126 0 0)
(0.000127 0 0)
(0.000128 0 0)
(0.000129 0 0)
(0.00013 0 0)
(0.000131 0 0)
(0.000132 0 0)
(0.000133 0 0)
(0.000134 0 0)
(0.000135 0 0)
(0.000136 0 0)
(0.000137 0 0)
(0.000138 0 0)
(0.000139 0 0)
(0.00014 0 0)
(0.000141 0 0)
(0.000142 0 0)
(0.000143 0 0)
(0.000144 0 0)
(0.000145 0 0)
(0.000146 0 0)
(0.000147 0 0)
(0.000148 0 0)
(0.000149 0 0)
(0.00015 0 0)
(0.000151 0 0)
(0.000152 0 0)
(0.000153 0 0)
(0.000154 0 0)
(0.000155 0 0)
(0.000156 0 0)
(0.000157 0 0)
(0.000158 0 0)
(0.000159 0 0)
(0.00016 0 0)
(0.000161 0 0)
(0.000162 0 0)
(0.000163 0 0)
(0.000164 0 0)
(0.000165 0 0)
(0.000166 0 0)
(0.000167 0 0)
(0.000168 0 0)
(0.000169 0 0)
(0.00017 0 0)
(0.000171 0 0)
(0.000172 0 0)
(0.000173 0 0)
(0.000174 0 0)
(0.000175 0 0)
(0.000176 0 0)
(0.000177 0 0)
(0.000178 0 0)
(0.000179 0 0)
(0.00018 0 0)
(0.000181 0 0)
(0.000182 0 0)
(0.000183 0 0)
(0.000184 0 0)
(0.000185 0 0)
(0.000186 0 0)
(0.000187 0 0)
(0.000188 0 0)
(0.000189 0 0)
(0.00019 0 0)
(0.000191 0 0)
(0.000192 0 0)
(0.000193 0 0)
(0.000114 3e-05 0)
(0.000115 3e-05 0)
(0.000116 3e-05 0)
(0.000117 3e-05 0)
(0.000118 3e-05 0)
(0.000119 3e-05 0)
(0.00012 3e-05 0)
(0.000121 3e-05 0)
(0.000122 3e-05 0)
(0.000123 3e-05 0)
(0.000124 3e-05 0)
(0.000125 3e-05 0)
(0.000126 3e-05 0)
(0.000127 3e-05 0)
(0.000128 3e-05 0)
(0.000129 3e-05 0)
(0.00013 3e-05 0)
(0.000131 3e-05 0)
(0.000132 3e-05 0)
(0.000133 3e-05 0)
(0.000134 3e-05 0)
(0.000135 3e-05 0)
(0.000136 3e-05 0)
(0.000137 3e-05 0)
(0.000138 3e-05 0)
(0.000139 3e-05 0)
(0.00014 3e-05 0)
(0.000141 3e-05 0)
(0.000142 3e-05 0)
(0.000143 3e-05 0)
(0.000144 3e-05 0)
(0.000145 3e-05 0)
(0.000146 3e-05 0)
(0.000147 3e-05 0)
(0.000148 3e-05 0)
(0.000149 3e-05 0)
(0.00015 3e-05 0)
(0.000151 3e-05 0)
(0.000152 3e-05 0)
(0.000153 3e-05 0)
(0.000154 3e-05 0)
(0.000155 3e-05 0)
(0.000156 3e-05 0)
(0.000157 3e-05 0)
(0.000158 3e-05 0)
(0.000159 3e-05 0)
(0.00016 3e-05 0)
(0.000161 3e-05 0)
(0.000162 3e-05 0)
(0.000163 3e-05 0)
(0.000164 3e-05 0)
(0.000165 3e-05 0)
(0.000166 3e-05 0)
(0.000167 3e-05 0)
(0.000168 3e-05 0)
(0.000169 3e-05 0)
(0.00017 3e-05 0)
(0.000171 3e-05 0)
(0.000172 3e-05 0)
(0.000173 3e-05 0)
(0.000174 3e-05 0)
(0.000175 3e-05 0)
(0.000176 3e-05 0)
(0.000177 3e-05 0)
(0.000178 3e-05 0)
(0.000179 3e-05 0)
(0.00018 3e-05 0)
(0.000181 3e-05 0)
(0.000182 3e-05 0)
(0.000183 3e-05 0)
(0.000184 3e-05 0)
(0.000185 3e-05 0)
(0.000186 3e-05 0)
(0.000187 3e-05 0)
(0.000188 3e-05 0)
(0.000189 3e-05 0)
(0.00019 3e-05 0)
(0.000191 3e-05 0)
(0.000192 3e-05 0)
(0.000193 3e-05 0)
(0.000114 0 1e-05)
(0.000115 0 1e-05)
(0.000116 0 1e-05)
(0.000117 0 1e-05)
(0.000118 0 1e-05)
(0.000119 0 1e-05)
(0.00012 0 1e-05)
(0.000121 0 1e-05)
(0.000122 0 1e-05)
(0.000123 0 1e-05)
(0.000124 0 1e-05)
(0.000125 0 1e-05)
(0.000126 0 1e-05)
(0.000127 0 1e-05)
(0.000128 0 1e-05)
(0.000129 0 1e-05)
(0.00013 0 1e-05)
(0.000131 0 1e-05)
(0.000132 0 1e-05)
(0.000133 0 1e-05)
(0.000134 0 1e-05)
(0.000135 0 1e-05)
(0.000136 0 1e-05)
(0.000137 0 1e-05)
(0.000138 0 1e-05)
(0.000139 0 1e-05)
(0.00014 0 1e-05)
(0.000141 0 1e-05)
(0.000142 0 1e-05)
(0.000143 0 1e-05)
(0.000144 0 1e-05)
(0.000145 0 1e-05)
(0.000146 0 1e-05)
(0.000147 0 1e-05)
(0.000148 0 1e-05)
(0.000149 0 1e-05)
(0.00015 0 1e-05)
(0.000151 0 1e-05)
(0.000152 0 1e-05)
(0.000153 0 1e-05)
(0.000154 0 1e-05)
(0.000155 0 1e-05)
(0.000156 0 1e-05)
(0.000157 0 1e-05)
(0.000158 0 1e-05)
(0.000159 0 1e-05)
(0.00016 0 1e-05)
(0.000161 0 1e-05)
(0.000162 0 1e-05)
(0.000163 0 1e-05)
(0.000164 0 1e-05)
(0.000165 0 1e-05)
(0.000166 0 1e-05)
(0.000167 0 1e-05)
(0.000168 0 1e-05)
(0.000169 0 1e-05)
(0.00017 0 1e-05)
(0.000171 0 1e-05)
(0.000172 0 1e-05)
(0.000173 0 1e-05)
(0.000174 0 1e-05)
(0.000175 0 1e-05)
(0.000176 0 1e-05)
(0.000177 0 1e-05)
(0.000178 0 1e-05)
(0.000179 0 1e-05)
(0.00018 0 1e-05)
(0.000181 0 1e-05)
(0.000182 0 1e-05)
(0.000183 0 1e-05)
(0.000184 0 1e-05)
(0.000185 0 1e-05)
(0.000186 0 1e-05)
(0.000187 0 1e-05)
(0.000188 0 1e-05)
(0.000189 0 1e-05)
(0.00019 0 1e-05)
(0.000191 0 1e-05)
(0.000192 0 1e-05)
(0.000193 0 1e-05)
(0.000114 3e-05 1e-05)
(0.000115 3e-05 1e-05)
(0.000116 3e-05 1e-05)
(0.000117 3e-05 1e-05)
(0.000118 3e-05 1e-05)
(0.000119 3e-05 1e-05)
(0.00012 3e-05 1e-05)
(0.000121 3e-05 1e-05)
(0.000122 3e-05 1e-05)
(0.000123 3e-05 1e-05)
(0.000124 3e-05 1e-05)
(0.000125 3e-05 1e-05)
(0.000126 3e-05 1e-05)
(0.000127 3e-05 1e-05)
(0.000128 3e-05 1e-05)
(0.000129 3e-05 1e-05)
(0.00013 3e-05 1e-05)
(0.000131 3e-05 1e-05)
(0.000132 3e-05 1e-05)
(0.000133 3e-05 1e-05)
(0.000134 3e-05 1e-05)
(0.000135 3e-05 1e-05)
(0.000136 3e-05 1e-05)
(0.000137 3e-05 1e-05)
(0.000138 3e-05 1e-05)
(0.000139 3e-05 1e-05)
(0.00014 3e-05 1e-05)
(0.000141 3e-05 1e-05)
(0.000142 3e-05 1e-05)
(0.000143 3e-05 1e-05)
(0.000144 3e-05 1e-05)
(0.000145 3e-05 1e-05)
(0.000146 3e-05 1e-05)
(0.000147 3e-05 1e-05)
(0.000148 3e-05 1e-05)
(0.000149 3e-05 1e-05)
(0.00015 3e-05 1e-05)
(0.000151 3e-05 1e-05)
(0.000152 3e-05 1e-05)
(0.000153 3e-05 1e-05)
(0.000154 3e-05 1e-05)
(0.000155 3e-05 1e-05)
(0.000156 3e-05 1e-05)
(0.000157 3e-05 1e-05)
(0.000158 3e-05 1e-05)
(0.000159 3e-05 1e-05)
(0.00016 3e-05 1e-05)
(0.000161 3e-05 1e-05)
(0.000162 3e-05 1e-05)
(0.000163 3e-05 1e-05)
(0.000164 3e-05 1e-05)
(0.000165 3e-05 1e-05)
(0.000166 3e-05 1e-05)
(0.000167 3e-05 1e-05)
(0.000168 3e-05 1e-05)
(0.000169 3e-05 1e-05)
(0.00017 3e-05 1e-05)
(0.000171 3e-05 1e-05)
(0.000172 3e-05 1e-05)
(0.000173 3e-05 1e-05)
(0.000174 3e-05 1e-05)
(0.000175 3e-05 1e-05)
(0.000176 3e-05 1e-05)
(0.000177 3e-05 1e-05)
(0.000178 3e-05 1e-05)
(0.000179 3e-05 1e-05)
(0.00018 3e-05 1e-05)
(0.000181 3e-05 1e-05)
(0.000182 3e-05 1e-05)
(0.000183 3e-05 1e-05)
(0.000184 3e-05 1e-05)
(0.000185 3e-05 1e-05)
(0.000186 3e-05 1e-05)
(0.000187 3e-05 1e-05)
(0.000188 3e-05 1e-05)
(0.000189 3e-05 1e-05)
(0.00019 3e-05 1e-05)
(0.000191 3e-05 1e-05)
(0.000192 3e-05 1e-05)
(0.000193 3e-05 1e-05)
)


// ************************************************************************* //
