/*--------------------------------*- C++ -*----------------------------------*\
  =========                 |
  \\      /  F ield         | OpenFOAM: The Open Source CFD Toolbox
   \\    /   O peration     | Website:  https://openfoam.org
    \\  /    A nd           | Version:  8
     \\/     M anipulation  |
\*---------------------------------------------------------------------------*/
FoamFile
{
    version     2.0;
    format      ascii;
    class       faceList;
    location    "constant/polyMesh";
    object      faces;
}
// * * * * * * * * * * * * * * * * * * * * * * * * * * * * * * * * * * * * * //


966
(
4(1 90 268 179)
4(2 91 269 180)
4(3 92 270 181)
4(4 93 271 182)
4(5 94 272 183)
4(6 95 273 184)
4(7 96 274 185)
4(8 97 275 186)
4(9 98 276 187)
4(10 99 277 188)
4(11 100 278 189)
4(12 101 279 190)
4(13 102 280 191)
4(14 103 281 192)
4(15 104 282 193)
4(16 105 283 194)
4(17 106 284 195)
4(18 107 285 196)
4(19 108 286 197)
4(20 109 287 198)
4(21 110 288 199)
4(22 111 289 200)
4(23 112 290 201)
4(24 113 291 202)
4(25 114 292 203)
4(26 115 293 204)
4(27 116 294 205)
4(28 117 295 206)
4(29 118 296 207)
4(30 119 297 208)
4(31 120 298 209)
4(32 121 299 210)
4(33 122 300 211)
4(34 123 301 212)
4(35 124 302 213)
4(36 125 303 214)
4(37 126 304 215)
4(38 127 305 216)
4(39 128 306 217)
4(40 129 307 218)
4(41 130 308 219)
4(42 131 309 220)
4(43 132 310 221)
4(44 133 311 222)
4(45 134 312 223)
4(46 135 313 224)
4(47 136 314 225)
4(48 137 315 226)
4(49 138 316 227)
4(50 139 317 228)
4(51 140 318 229)
4(52 141 319 230)
4(53 142 320 231)
4(54 143 321 232)
4(55 144 322 233)
4(56 145 323 234)
4(57 146 324 235)
4(58 147 325 236)
4(59 148 326 237)
4(60 149 327 238)
4(61 150 328 239)
4(62 151 329 240)
4(63 152 330 241)
4(64 153 331 242)
4(65 154 332 243)
4(66 155 333 244)
4(67 156 334 245)
4(68 157 335 246)
4(69 158 336 247)
4(70 159 337 248)
4(71 160 338 249)
4(72 161 339 250)
4(73 162 340 251)
4(74 163 341 252)
4(75 164 342 253)
4(76 165 343 254)
4(77 166 344 255)
4(78 167 345 256)
4(79 168 346 257)
4(80 169 347 258)
4(81 170 348 259)
4(82 171 349 260)
4(83 172 350 261)
4(84 173 351 262)
4(85 174 352 263)
4(86 175 353 264)
4(87 176 354 265)
4(88 177 355 266)
4(356 381 431 406)
4(357 382 432 407)
4(358 383 433 408)
4(359 384 434 409)
4(360 385 435 410)
4(361 386 436 411)
4(362 387 437 412)
4(363 388 438 413)
4(364 389 439 414)
4(365 390 440 415)
4(366 391 441 416)
4(367 392 442 417)
4(368 393 443 418)
4(369 394 444 419)
4(370 395 445 420)
4(371 396 446 421)
4(372 397 447 422)
4(373 398 448 423)
4(374 399 449 424)
4(375 400 450 425)
4(376 401 451 426)
4(377 402 452 427)
4(378 403 453 428)
4(379 404 454 429)
4(380 405 455 430)
4(456 536 696 616)
4(457 537 697 617)
4(458 538 698 618)
4(459 539 699 619)
4(460 540 700 620)
4(461 541 701 621)
4(462 542 702 622)
4(463 543 703 623)
4(464 544 704 624)
4(465 545 705 625)
4(466 546 706 626)
4(467 547 707 627)
4(468 548 708 628)
4(469 549 709 629)
4(470 550 710 630)
4(471 551 711 631)
4(472 552 712 632)
4(473 553 713 633)
4(474 554 714 634)
4(475 555 715 635)
4(476 556 716 636)
4(477 557 717 637)
4(478 558 718 638)
4(479 559 719 639)
4(480 560 720 640)
4(481 561 721 641)
4(482 562 722 642)
4(483 563 723 643)
4(484 564 724 644)
4(485 565 725 645)
4(486 566 726 646)
4(487 567 727 647)
4(488 568 728 648)
4(489 569 729 649)
4(490 570 730 650)
4(491 571 731 651)
4(492 572 732 652)
4(493 573 733 653)
4(494 574 734 654)
4(495 575 735 655)
4(496 576 736 656)
4(497 577 737 657)
4(498 578 738 658)
4(499 579 739 659)
4(500 580 740 660)
4(501 581 741 661)
4(502 582 742 662)
4(503 583 743 663)
4(504 584 744 664)
4(505 585 745 665)
4(506 586 746 666)
4(507 587 747 667)
4(508 588 748 668)
4(509 589 749 669)
4(510 590 750 670)
4(511 591 751 671)
4(512 592 752 672)
4(513 593 753 673)
4(514 594 754 674)
4(515 595 755 675)
4(516 596 756 676)
4(517 597 757 677)
4(518 598 758 678)
4(519 599 759 679)
4(520 600 760 680)
4(521 601 761 681)
4(522 602 762 682)
4(523 603 763 683)
4(524 604 764 684)
4(525 605 765 685)
4(526 606 766 686)
4(527 607 767 687)
4(528 608 768 688)
4(529 609 769 689)
4(530 610 770 690)
4(531 611 771 691)
4(532 612 772 692)
4(533 613 773 693)
4(534 614 774 694)
4(0 178 267 89)
4(535 615 775 695)
4(0 1 179 178)
4(1 2 180 179)
4(2 3 181 180)
4(3 4 182 181)
4(4 5 183 182)
4(5 6 184 183)
4(6 7 185 184)
4(7 8 186 185)
4(8 9 187 186)
4(9 10 188 187)
4(10 11 189 188)
4(11 12 190 189)
4(12 13 191 190)
4(13 14 192 191)
4(14 15 193 192)
4(15 16 194 193)
4(16 17 195 194)
4(17 18 196 195)
4(18 19 197 196)
4(19 20 198 197)
4(20 21 199 198)
4(21 22 200 199)
4(22 23 201 200)
4(23 24 202 201)
4(24 25 203 202)
4(25 26 204 203)
4(26 27 205 204)
4(27 28 206 205)
4(28 29 207 206)
4(29 30 208 207)
4(30 31 209 208)
4(31 32 210 209)
4(32 33 211 210)
4(33 34 212 211)
4(34 35 213 212)
4(35 36 214 213)
4(36 37 215 214)
4(37 38 216 215)
4(38 39 217 216)
4(39 40 218 217)
4(40 41 219 218)
4(41 42 220 219)
4(42 43 221 220)
4(43 44 222 221)
4(44 45 223 222)
4(45 46 224 223)
4(46 47 225 224)
4(47 48 226 225)
4(48 49 227 226)
4(49 50 228 227)
4(50 51 229 228)
4(51 52 230 229)
4(52 53 231 230)
4(53 54 232 231)
4(54 55 233 232)
4(55 56 234 233)
4(56 57 235 234)
4(57 58 236 235)
4(58 59 237 236)
4(59 60 238 237)
4(60 61 239 238)
4(61 62 240 239)
4(62 63 241 240)
4(63 64 242 241)
4(64 65 243 242)
4(65 66 244 243)
4(66 67 245 244)
4(67 68 246 245)
4(68 69 247 246)
4(69 70 248 247)
4(70 71 249 248)
4(71 72 250 249)
4(72 73 251 250)
4(73 74 252 251)
4(74 75 253 252)
4(75 76 254 253)
4(76 77 255 254)
4(77 78 256 255)
4(78 79 257 256)
4(79 80 258 257)
4(80 81 259 258)
4(81 82 260 259)
4(82 83 261 260)
4(83 84 262 261)
4(84 85 263 262)
4(85 86 264 263)
4(86 87 265 264)
4(87 88 266 265)
4(88 356 406 266)
4(356 357 407 406)
4(357 358 408 407)
4(358 359 409 408)
4(359 360 410 409)
4(360 361 411 410)
4(361 362 412 411)
4(362 363 413 412)
4(363 364 414 413)
4(364 365 415 414)
4(365 366 416 415)
4(366 367 417 416)
4(367 368 418 417)
4(368 369 419 418)
4(369 370 420 419)
4(370 371 421 420)
4(371 372 422 421)
4(372 373 423 422)
4(373 374 424 423)
4(374 375 425 424)
4(375 376 426 425)
4(376 377 427 426)
4(377 378 428 427)
4(378 379 429 428)
4(379 380 430 429)
4(380 456 616 430)
4(456 457 617 616)
4(457 458 618 617)
4(458 459 619 618)
4(459 460 620 619)
4(460 461 621 620)
4(461 462 622 621)
4(462 463 623 622)
4(463 464 624 623)
4(464 465 625 624)
4(465 466 626 625)
4(466 467 627 626)
4(467 468 628 627)
4(468 469 629 628)
4(469 470 630 629)
4(470 471 631 630)
4(471 472 632 631)
4(472 473 633 632)
4(473 474 634 633)
4(474 475 635 634)
4(475 476 636 635)
4(476 477 637 636)
4(477 478 638 637)
4(478 479 639 638)
4(479 480 640 639)
4(480 481 641 640)
4(481 482 642 641)
4(482 483 643 642)
4(483 484 644 643)
4(484 485 645 644)
4(485 486 646 645)
4(486 487 647 646)
4(487 488 648 647)
4(488 489 649 648)
4(489 490 650 649)
4(490 491 651 650)
4(491 492 652 651)
4(492 493 653 652)
4(493 494 654 653)
4(494 495 655 654)
4(495 496 656 655)
4(496 497 657 656)
4(497 498 658 657)
4(498 499 659 658)
4(499 500 660 659)
4(500 501 661 660)
4(501 502 662 661)
4(502 503 663 662)
4(503 504 664 663)
4(504 505 665 664)
4(505 506 666 665)
4(506 507 667 666)
4(507 508 668 667)
4(508 509 669 668)
4(509 510 670 669)
4(510 511 671 670)
4(511 512 672 671)
4(512 513 673 672)
4(513 514 674 673)
4(514 515 675 674)
4(515 516 676 675)
4(516 517 677 676)
4(517 518 678 677)
4(518 519 679 678)
4(519 520 680 679)
4(520 521 681 680)
4(521 522 682 681)
4(522 523 683 682)
4(523 524 684 683)
4(524 525 685 684)
4(525 526 686 685)
4(526 527 687 686)
4(527 528 688 687)
4(528 529 689 688)
4(529 530 690 689)
4(530 531 691 690)
4(531 532 692 691)
4(532 533 693 692)
4(533 534 694 693)
4(534 535 695 694)
4(89 267 268 90)
4(90 268 269 91)
4(91 269 270 92)
4(92 270 271 93)
4(93 271 272 94)
4(94 272 273 95)
4(95 273 274 96)
4(96 274 275 97)
4(97 275 276 98)
4(98 276 277 99)
4(99 277 278 100)
4(100 278 279 101)
4(101 279 280 102)
4(102 280 281 103)
4(103 281 282 104)
4(104 282 283 105)
4(105 283 284 106)
4(106 284 285 107)
4(107 285 286 108)
4(108 286 287 109)
4(109 287 288 110)
4(110 288 289 111)
4(111 289 290 112)
4(112 290 291 113)
4(113 291 292 114)
4(114 292 293 115)
4(115 293 294 116)
4(116 294 295 117)
4(117 295 296 118)
4(118 296 297 119)
4(119 297 298 120)
4(120 298 299 121)
4(121 299 300 122)
4(122 300 301 123)
4(123 301 302 124)
4(124 302 303 125)
4(125 303 304 126)
4(126 304 305 127)
4(127 305 306 128)
4(128 306 307 129)
4(129 307 308 130)
4(130 308 309 131)
4(131 309 310 132)
4(132 310 311 133)
4(133 311 312 134)
4(134 312 313 135)
4(135 313 314 136)
4(136 314 315 137)
4(137 315 316 138)
4(138 316 317 139)
4(139 317 318 140)
4(140 318 319 141)
4(141 319 320 142)
4(142 320 321 143)
4(143 321 322 144)
4(144 322 323 145)
4(145 323 324 146)
4(146 324 325 147)
4(147 325 326 148)
4(148 326 327 149)
4(149 327 328 150)
4(150 328 329 151)
4(151 329 330 152)
4(152 330 331 153)
4(153 331 332 154)
4(154 332 333 155)
4(155 333 334 156)
4(156 334 335 157)
4(157 335 336 158)
4(158 336 337 159)
4(159 337 338 160)
4(160 338 339 161)
4(161 339 340 162)
4(162 340 341 163)
4(163 341 342 164)
4(164 342 343 165)
4(165 343 344 166)
4(166 344 345 167)
4(167 345 346 168)
4(168 346 347 169)
4(169 347 348 170)
4(170 348 349 171)
4(171 349 350 172)
4(172 350 351 173)
4(173 351 352 174)
4(174 352 353 175)
4(175 353 354 176)
4(176 354 355 177)
4(177 355 431 381)
4(381 431 432 382)
4(382 432 433 383)
4(383 433 434 384)
4(384 434 435 385)
4(385 435 436 386)
4(386 436 437 387)
4(387 437 438 388)
4(388 438 439 389)
4(389 439 440 390)
4(390 440 441 391)
4(391 441 442 392)
4(392 442 443 393)
4(393 443 444 394)
4(394 444 445 395)
4(395 445 446 396)
4(396 446 447 397)
4(397 447 448 398)
4(398 448 449 399)
4(399 449 450 400)
4(400 450 451 401)
4(401 451 452 402)
4(402 452 453 403)
4(403 453 454 404)
4(404 454 455 405)
4(405 455 696 536)
4(536 696 697 537)
4(537 697 698 538)
4(538 698 699 539)
4(539 699 700 540)
4(540 700 701 541)
4(541 701 702 542)
4(542 702 703 543)
4(543 703 704 544)
4(544 704 705 545)
4(545 705 706 546)
4(546 706 707 547)
4(547 707 708 548)
4(548 708 709 549)
4(549 709 710 550)
4(550 710 711 551)
4(551 711 712 552)
4(552 712 713 553)
4(553 713 714 554)
4(554 714 715 555)
4(555 715 716 556)
4(556 716 717 557)
4(557 717 718 558)
4(558 718 719 559)
4(559 719 720 560)
4(560 720 721 561)
4(561 721 722 562)
4(562 722 723 563)
4(563 723 724 564)
4(564 724 725 565)
4(565 725 726 566)
4(566 726 727 567)
4(567 727 728 568)
4(568 728 729 569)
4(569 729 730 570)
4(570 730 731 571)
4(571 731 732 572)
4(572 732 733 573)
4(573 733 734 574)
4(574 734 735 575)
4(575 735 736 576)
4(576 736 737 577)
4(577 737 738 578)
4(578 738 739 579)
4(579 739 740 580)
4(580 740 741 581)
4(581 741 742 582)
4(582 742 743 583)
4(583 743 744 584)
4(584 744 745 585)
4(585 745 746 586)
4(586 746 747 587)
4(587 747 748 588)
4(588 748 749 589)
4(589 749 750 590)
4(590 750 751 591)
4(591 751 752 592)
4(592 752 753 593)
4(593 753 754 594)
4(594 754 755 595)
4(595 755 756 596)
4(596 756 757 597)
4(597 757 758 598)
4(598 758 759 599)
4(599 759 760 600)
4(600 760 761 601)
4(601 761 762 602)
4(602 762 763 603)
4(603 763 764 604)
4(604 764 765 605)
4(605 765 766 606)
4(606 766 767 607)
4(607 767 768 608)
4(608 768 769 609)
4(609 769 770 610)
4(610 770 771 611)
4(611 771 772 612)
4(612 772 773 613)
4(613 773 774 614)
4(614 774 775 615)
4(0 89 90 1)
4(1 90 91 2)
4(2 91 92 3)
4(3 92 93 4)
4(4 93 94 5)
4(5 94 95 6)
4(6 95 96 7)
4(7 96 97 8)
4(8 97 98 9)
4(9 98 99 10)
4(10 99 100 11)
4(11 100 101 12)
4(12 101 102 13)
4(13 102 103 14)
4(14 103 104 15)
4(15 104 105 16)
4(16 105 106 17)
4(17 106 107 18)
4(18 107 108 19)
4(19 108 109 20)
4(20 109 110 21)
4(21 110 111 22)
4(22 111 112 23)
4(23 112 113 24)
4(24 113 114 25)
4(25 114 115 26)
4(26 115 116 27)
4(27 116 117 28)
4(28 117 118 29)
4(29 118 119 30)
4(30 119 120 31)
4(31 120 121 32)
4(32 121 122 33)
4(33 122 123 34)
4(34 123 124 35)
4(35 124 125 36)
4(36 125 126 37)
4(37 126 127 38)
4(38 127 128 39)
4(39 128 129 40)
4(40 129 130 41)
4(41 130 131 42)
4(42 131 132 43)
4(43 132 133 44)
4(44 133 134 45)
4(45 134 135 46)
4(46 135 136 47)
4(47 136 137 48)
4(48 137 138 49)
4(49 138 139 50)
4(50 139 140 51)
4(51 140 141 52)
4(52 141 142 53)
4(53 142 143 54)
4(54 143 144 55)
4(55 144 145 56)
4(56 145 146 57)
4(57 146 147 58)
4(58 147 148 59)
4(59 148 149 60)
4(60 149 150 61)
4(61 150 151 62)
4(62 151 152 63)
4(63 152 153 64)
4(64 153 154 65)
4(65 154 155 66)
4(66 155 156 67)
4(67 156 157 68)
4(68 157 158 69)
4(69 158 159 70)
4(70 159 160 71)
4(71 160 161 72)
4(72 161 162 73)
4(73 162 163 74)
4(74 163 164 75)
4(75 164 165 76)
4(76 165 166 77)
4(77 166 167 78)
4(78 167 168 79)
4(79 168 169 80)
4(80 169 170 81)
4(81 170 171 82)
4(82 171 172 83)
4(83 172 173 84)
4(84 173 174 85)
4(85 174 175 86)
4(86 175 176 87)
4(87 176 177 88)
4(88 177 381 356)
4(356 381 382 357)
4(357 382 383 358)
4(358 383 384 359)
4(359 384 385 360)
4(360 385 386 361)
4(361 386 387 362)
4(362 387 388 363)
4(363 388 389 364)
4(364 389 390 365)
4(365 390 391 366)
4(366 391 392 367)
4(367 392 393 368)
4(368 393 394 369)
4(369 394 395 370)
4(370 395 396 371)
4(371 396 397 372)
4(372 397 398 373)
4(373 398 399 374)
4(374 399 400 375)
4(375 400 401 376)
4(376 401 402 377)
4(377 402 403 378)
4(378 403 404 379)
4(379 404 405 380)
4(380 405 536 456)
4(456 536 537 457)
4(457 537 538 458)
4(458 538 539 459)
4(459 539 540 460)
4(460 540 541 461)
4(461 541 542 462)
4(462 542 543 463)
4(463 543 544 464)
4(464 544 545 465)
4(465 545 546 466)
4(466 546 547 467)
4(467 547 548 468)
4(468 548 549 469)
4(469 549 550 470)
4(470 550 551 471)
4(471 551 552 472)
4(472 552 553 473)
4(473 553 554 474)
4(474 554 555 475)
4(475 555 556 476)
4(476 556 557 477)
4(477 557 558 478)
4(478 558 559 479)
4(479 559 560 480)
4(480 560 561 481)
4(481 561 562 482)
4(482 562 563 483)
4(483 563 564 484)
4(484 564 565 485)
4(485 565 566 486)
4(486 566 567 487)
4(487 567 568 488)
4(488 568 569 489)
4(489 569 570 490)
4(490 570 571 491)
4(491 571 572 492)
4(492 572 573 493)
4(493 573 574 494)
4(494 574 575 495)
4(495 575 576 496)
4(496 576 577 497)
4(497 577 578 498)
4(498 578 579 499)
4(499 579 580 500)
4(500 580 581 501)
4(501 581 582 502)
4(502 582 583 503)
4(503 583 584 504)
4(504 584 585 505)
4(505 585 586 506)
4(506 586 587 507)
4(507 587 588 508)
4(508 588 589 509)
4(509 589 590 510)
4(510 590 591 511)
4(511 591 592 512)
4(512 592 593 513)
4(513 593 594 514)
4(514 594 595 515)
4(515 595 596 516)
4(516 596 597 517)
4(517 597 598 518)
4(518 598 599 519)
4(519 599 600 520)
4(520 600 601 521)
4(521 601 602 522)
4(522 602 603 523)
4(523 603 604 524)
4(524 604 605 525)
4(525 605 606 526)
4(526 606 607 527)
4(527 607 608 528)
4(528 608 609 529)
4(529 609 610 530)
4(530 610 611 531)
4(531 611 612 532)
4(532 612 613 533)
4(533 613 614 534)
4(534 614 615 535)
4(178 179 268 267)
4(179 180 269 268)
4(180 181 270 269)
4(181 182 271 270)
4(182 183 272 271)
4(183 184 273 272)
4(184 185 274 273)
4(185 186 275 274)
4(186 187 276 275)
4(187 188 277 276)
4(188 189 278 277)
4(189 190 279 278)
4(190 191 280 279)
4(191 192 281 280)
4(192 193 282 281)
4(193 194 283 282)
4(194 195 284 283)
4(195 196 285 284)
4(196 197 286 285)
4(197 198 287 286)
4(198 199 288 287)
4(199 200 289 288)
4(200 201 290 289)
4(201 202 291 290)
4(202 203 292 291)
4(203 204 293 292)
4(204 205 294 293)
4(205 206 295 294)
4(206 207 296 295)
4(207 208 297 296)
4(208 209 298 297)
4(209 210 299 298)
4(210 211 300 299)
4(211 212 301 300)
4(212 213 302 301)
4(213 214 303 302)
4(214 215 304 303)
4(215 216 305 304)
4(216 217 306 305)
4(217 218 307 306)
4(218 219 308 307)
4(219 220 309 308)
4(220 221 310 309)
4(221 222 311 310)
4(222 223 312 311)
4(223 224 313 312)
4(224 225 314 313)
4(225 226 315 314)
4(226 227 316 315)
4(227 228 317 316)
4(228 229 318 317)
4(229 230 319 318)
4(230 231 320 319)
4(231 232 321 320)
4(232 233 322 321)
4(233 234 323 322)
4(234 235 324 323)
4(235 236 325 324)
4(236 237 326 325)
4(237 238 327 326)
4(238 239 328 327)
4(239 240 329 328)
4(240 241 330 329)
4(241 242 331 330)
4(242 243 332 331)
4(243 244 333 332)
4(244 245 334 333)
4(245 246 335 334)
4(246 247 336 335)
4(247 248 337 336)
4(248 249 338 337)
4(249 250 339 338)
4(250 251 340 339)
4(251 252 341 340)
4(252 253 342 341)
4(253 254 343 342)
4(254 255 344 343)
4(255 256 345 344)
4(256 257 346 345)
4(257 258 347 346)
4(258 259 348 347)
4(259 260 349 348)
4(260 261 350 349)
4(261 262 351 350)
4(262 263 352 351)
4(263 264 353 352)
4(264 265 354 353)
4(265 266 355 354)
4(266 406 431 355)
4(406 407 432 431)
4(407 408 433 432)
4(408 409 434 433)
4(409 410 435 434)
4(410 411 436 435)
4(411 412 437 436)
4(412 413 438 437)
4(413 414 439 438)
4(414 415 440 439)
4(415 416 441 440)
4(416 417 442 441)
4(417 418 443 442)
4(418 419 444 443)
4(419 420 445 444)
4(420 421 446 445)
4(421 422 447 446)
4(422 423 448 447)
4(423 424 449 448)
4(424 425 450 449)
4(425 426 451 450)
4(426 427 452 451)
4(427 428 453 452)
4(428 429 454 453)
4(429 430 455 454)
4(430 616 696 455)
4(616 617 697 696)
4(617 618 698 697)
4(618 619 699 698)
4(619 620 700 699)
4(620 621 701 700)
4(621 622 702 701)
4(622 623 703 702)
4(623 624 704 703)
4(624 625 705 704)
4(625 626 706 705)
4(626 627 707 706)
4(627 628 708 707)
4(628 629 709 708)
4(629 630 710 709)
4(630 631 711 710)
4(631 632 712 711)
4(632 633 713 712)
4(633 634 714 713)
4(634 635 715 714)
4(635 636 716 715)
4(636 637 717 716)
4(637 638 718 717)
4(638 639 719 718)
4(639 640 720 719)
4(640 641 721 720)
4(641 642 722 721)
4(642 643 723 722)
4(643 644 724 723)
4(644 645 725 724)
4(645 646 726 725)
4(646 647 727 726)
4(647 648 728 727)
4(648 649 729 728)
4(649 650 730 729)
4(650 651 731 730)
4(651 652 732 731)
4(652 653 733 732)
4(653 654 734 733)
4(654 655 735 734)
4(655 656 736 735)
4(656 657 737 736)
4(657 658 738 737)
4(658 659 739 738)
4(659 660 740 739)
4(660 661 741 740)
4(661 662 742 741)
4(662 663 743 742)
4(663 664 744 743)
4(664 665 745 744)
4(665 666 746 745)
4(666 667 747 746)
4(667 668 748 747)
4(668 669 749 748)
4(669 670 750 749)
4(670 671 751 750)
4(671 672 752 751)
4(672 673 753 752)
4(673 674 754 753)
4(674 675 755 754)
4(675 676 756 755)
4(676 677 757 756)
4(677 678 758 757)
4(678 679 759 758)
4(679 680 760 759)
4(680 681 761 760)
4(681 682 762 761)
4(682 683 763 762)
4(683 684 764 763)
4(684 685 765 764)
4(685 686 766 765)
4(686 687 767 766)
4(687 688 768 767)
4(688 689 769 768)
4(689 690 770 769)
4(690 691 771 770)
4(691 692 772 771)
4(692 693 773 772)
4(693 694 774 773)
4(694 695 775 774)
)


// ************************************************************************* //
