/*--------------------------------*- C++ -*----------------------------------*\
  =========                 |
  \\      /  F ield         | OpenFOAM: The Open Source CFD Toolbox
   \\    /   O peration     | Website:  https://openfoam.org
    \\  /    A nd           | Version:  8
     \\/     M anipulation  |
\*---------------------------------------------------------------------------*/
FoamFile
{
    version     2.0;
    format      ascii;
    class       vectorField;
    location    "constant/polyMesh";
    object      points;
}
// * * * * * * * * * * * * * * * * * * * * * * * * * * * * * * * * * * * * * //


776
(
(0 0 0)
(1e-06 0 0)
(2e-06 0 0)
(3e-06 0 0)
(4e-06 0 0)
(5e-06 0 0)
(6e-06 0 0)
(7e-06 0 0)
(8e-06 0 0)
(9e-06 0 0)
(1e-05 0 0)
(1.1e-05 0 0)
(1.2e-05 0 0)
(1.3e-05 0 0)
(1.4e-05 0 0)
(1.5e-05 0 0)
(1.6e-05 0 0)
(1.7e-05 0 0)
(1.8e-05 0 0)
(1.9e-05 0 0)
(2e-05 0 0)
(2.1e-05 0 0)
(2.2e-05 0 0)
(2.3e-05 0 0)
(2.4e-05 0 0)
(2.5e-05 0 0)
(2.6e-05 0 0)
(2.7e-05 0 0)
(2.8e-05 0 0)
(2.9e-05 0 0)
(3e-05 0 0)
(3.1e-05 0 0)
(3.2e-05 0 0)
(3.3e-05 0 0)
(3.4e-05 0 0)
(3.5e-05 0 0)
(3.6e-05 0 0)
(3.7e-05 0 0)
(3.8e-05 0 0)
(3.9e-05 0 0)
(4e-05 0 0)
(4.1e-05 0 0)
(4.2e-05 0 0)
(4.3e-05 0 0)
(4.4e-05 0 0)
(4.5e-05 0 0)
(4.6e-05 0 0)
(4.7e-05 0 0)
(4.8e-05 0 0)
(4.9e-05 0 0)
(5e-05 0 0)
(5.1e-05 0 0)
(5.2e-05 0 0)
(5.3e-05 0 0)
(5.4e-05 0 0)
(5.5e-05 0 0)
(5.6e-05 0 0)
(5.7e-05 0 0)
(5.8e-05 0 0)
(5.9e-05 0 0)
(6e-05 0 0)
(6.1e-05 0 0)
(6.2e-05 0 0)
(6.3e-05 0 0)
(6.4e-05 0 0)
(6.5e-05 0 0)
(6.6e-05 0 0)
(6.7e-05 0 0)
(6.8e-05 0 0)
(6.9e-05 0 0)
(7e-05 0 0)
(7.1e-05 0 0)
(7.2e-05 0 0)
(7.3e-05 0 0)
(7.4e-05 0 0)
(7.5e-05 0 0)
(7.6e-05 0 0)
(7.7e-05 0 0)
(7.8e-05 0 0)
(7.9e-05 0 0)
(8e-05 0 0)
(8.1e-05 0 0)
(8.2e-05 0 0)
(8.3e-05 0 0)
(8.4e-05 0 0)
(8.5e-05 0 0)
(8.6e-05 0 0)
(8.7e-05 0 0)
(8.8e-05 0 0)
(0 3e-05 0)
(1e-06 3e-05 0)
(2e-06 3e-05 0)
(3e-06 3e-05 0)
(4e-06 3e-05 0)
(5e-06 3e-05 0)
(6e-06 3e-05 0)
(7e-06 3e-05 0)
(8e-06 3e-05 0)
(9e-06 3e-05 0)
(1e-05 3e-05 0)
(1.1e-05 3e-05 0)
(1.2e-05 3e-05 0)
(1.3e-05 3e-05 0)
(1.4e-05 3e-05 0)
(1.5e-05 3e-05 0)
(1.6e-05 3e-05 0)
(1.7e-05 3e-05 0)
(1.8e-05 3e-05 0)
(1.9e-05 3e-05 0)
(2e-05 3e-05 0)
(2.1e-05 3e-05 0)
(2.2e-05 3e-05 0)
(2.3e-05 3e-05 0)
(2.4e-05 3e-05 0)
(2.5e-05 3e-05 0)
(2.6e-05 3e-05 0)
(2.7e-05 3e-05 0)
(2.8e-05 3e-05 0)
(2.9e-05 3e-05 0)
(3e-05 3e-05 0)
(3.1e-05 3e-05 0)
(3.2e-05 3e-05 0)
(3.3e-05 3e-05 0)
(3.4e-05 3e-05 0)
(3.5e-05 3e-05 0)
(3.6e-05 3e-05 0)
(3.7e-05 3e-05 0)
(3.8e-05 3e-05 0)
(3.9e-05 3e-05 0)
(4e-05 3e-05 0)
(4.1e-05 3e-05 0)
(4.2e-05 3e-05 0)
(4.3e-05 3e-05 0)
(4.4e-05 3e-05 0)
(4.5e-05 3e-05 0)
(4.6e-05 3e-05 0)
(4.7e-05 3e-05 0)
(4.8e-05 3e-05 0)
(4.9e-05 3e-05 0)
(5e-05 3e-05 0)
(5.1e-05 3e-05 0)
(5.2e-05 3e-05 0)
(5.3e-05 3e-05 0)
(5.4e-05 3e-05 0)
(5.5e-05 3e-05 0)
(5.6e-05 3e-05 0)
(5.7e-05 3e-05 0)
(5.8e-05 3e-05 0)
(5.9e-05 3e-05 0)
(6e-05 3e-05 0)
(6.1e-05 3e-05 0)
(6.2e-05 3e-05 0)
(6.3e-05 3e-05 0)
(6.4e-05 3e-05 0)
(6.5e-05 3e-05 0)
(6.6e-05 3e-05 0)
(6.7e-05 3e-05 0)
(6.8e-05 3e-05 0)
(6.9e-05 3e-05 0)
(7e-05 3e-05 0)
(7.1e-05 3e-05 0)
(7.2e-05 3e-05 0)
(7.3e-05 3e-05 0)
(7.4e-05 3e-05 0)
(7.5e-05 3e-05 0)
(7.6e-05 3e-05 0)
(7.7e-05 3e-05 0)
(7.8e-05 3e-05 0)
(7.9e-05 3e-05 0)
(8e-05 3e-05 0)
(8.1e-05 3e-05 0)
(8.2e-05 3e-05 0)
(8.3e-05 3e-05 0)
(8.4e-05 3e-05 0)
(8.5e-05 3e-05 0)
(8.6e-05 3e-05 0)
(8.7e-05 3e-05 0)
(8.8e-05 3e-05 0)
(0 0 1e-05)
(1e-06 0 1e-05)
(2e-06 0 1e-05)
(3e-06 0 1e-05)
(4e-06 0 1e-05)
(5e-06 0 1e-05)
(6e-06 0 1e-05)
(7e-06 0 1e-05)
(8e-06 0 1e-05)
(9e-06 0 1e-05)
(1e-05 0 1e-05)
(1.1e-05 0 1e-05)
(1.2e-05 0 1e-05)
(1.3e-05 0 1e-05)
(1.4e-05 0 1e-05)
(1.5e-05 0 1e-05)
(1.6e-05 0 1e-05)
(1.7e-05 0 1e-05)
(1.8e-05 0 1e-05)
(1.9e-05 0 1e-05)
(2e-05 0 1e-05)
(2.1e-05 0 1e-05)
(2.2e-05 0 1e-05)
(2.3e-05 0 1e-05)
(2.4e-05 0 1e-05)
(2.5e-05 0 1e-05)
(2.6e-05 0 1e-05)
(2.7e-05 0 1e-05)
(2.8e-05 0 1e-05)
(2.9e-05 0 1e-05)
(3e-05 0 1e-05)
(3.1e-05 0 1e-05)
(3.2e-05 0 1e-05)
(3.3e-05 0 1e-05)
(3.4e-05 0 1e-05)
(3.5e-05 0 1e-05)
(3.6e-05 0 1e-05)
(3.7e-05 0 1e-05)
(3.8e-05 0 1e-05)
(3.9e-05 0 1e-05)
(4e-05 0 1e-05)
(4.1e-05 0 1e-05)
(4.2e-05 0 1e-05)
(4.3e-05 0 1e-05)
(4.4e-05 0 1e-05)
(4.5e-05 0 1e-05)
(4.6e-05 0 1e-05)
(4.7e-05 0 1e-05)
(4.8e-05 0 1e-05)
(4.9e-05 0 1e-05)
(5e-05 0 1e-05)
(5.1e-05 0 1e-05)
(5.2e-05 0 1e-05)
(5.3e-05 0 1e-05)
(5.4e-05 0 1e-05)
(5.5e-05 0 1e-05)
(5.6e-05 0 1e-05)
(5.7e-05 0 1e-05)
(5.8e-05 0 1e-05)
(5.9e-05 0 1e-05)
(6e-05 0 1e-05)
(6.1e-05 0 1e-05)
(6.2e-05 0 1e-05)
(6.3e-05 0 1e-05)
(6.4e-05 0 1e-05)
(6.5e-05 0 1e-05)
(6.6e-05 0 1e-05)
(6.7e-05 0 1e-05)
(6.8e-05 0 1e-05)
(6.9e-05 0 1e-05)
(7e-05 0 1e-05)
(7.1e-05 0 1e-05)
(7.2e-05 0 1e-05)
(7.3e-05 0 1e-05)
(7.4e-05 0 1e-05)
(7.5e-05 0 1e-05)
(7.6e-05 0 1e-05)
(7.7e-05 0 1e-05)
(7.8e-05 0 1e-05)
(7.9e-05 0 1e-05)
(8e-05 0 1e-05)
(8.1e-05 0 1e-05)
(8.2e-05 0 1e-05)
(8.3e-05 0 1e-05)
(8.4e-05 0 1e-05)
(8.5e-05 0 1e-05)
(8.6e-05 0 1e-05)
(8.7e-05 0 1e-05)
(8.8e-05 0 1e-05)
(0 3e-05 1e-05)
(1e-06 3e-05 1e-05)
(2e-06 3e-05 1e-05)
(3e-06 3e-05 1e-05)
(4e-06 3e-05 1e-05)
(5e-06 3e-05 1e-05)
(6e-06 3e-05 1e-05)
(7e-06 3e-05 1e-05)
(8e-06 3e-05 1e-05)
(9e-06 3e-05 1e-05)
(1e-05 3e-05 1e-05)
(1.1e-05 3e-05 1e-05)
(1.2e-05 3e-05 1e-05)
(1.3e-05 3e-05 1e-05)
(1.4e-05 3e-05 1e-05)
(1.5e-05 3e-05 1e-05)
(1.6e-05 3e-05 1e-05)
(1.7e-05 3e-05 1e-05)
(1.8e-05 3e-05 1e-05)
(1.9e-05 3e-05 1e-05)
(2e-05 3e-05 1e-05)
(2.1e-05 3e-05 1e-05)
(2.2e-05 3e-05 1e-05)
(2.3e-05 3e-05 1e-05)
(2.4e-05 3e-05 1e-05)
(2.5e-05 3e-05 1e-05)
(2.6e-05 3e-05 1e-05)
(2.7e-05 3e-05 1e-05)
(2.8e-05 3e-05 1e-05)
(2.9e-05 3e-05 1e-05)
(3e-05 3e-05 1e-05)
(3.1e-05 3e-05 1e-05)
(3.2e-05 3e-05 1e-05)
(3.3e-05 3e-05 1e-05)
(3.4e-05 3e-05 1e-05)
(3.5e-05 3e-05 1e-05)
(3.6e-05 3e-05 1e-05)
(3.7e-05 3e-05 1e-05)
(3.8e-05 3e-05 1e-05)
(3.9e-05 3e-05 1e-05)
(4e-05 3e-05 1e-05)
(4.1e-05 3e-05 1e-05)
(4.2e-05 3e-05 1e-05)
(4.3e-05 3e-05 1e-05)
(4.4e-05 3e-05 1e-05)
(4.5e-05 3e-05 1e-05)
(4.6e-05 3e-05 1e-05)
(4.7e-05 3e-05 1e-05)
(4.8e-05 3e-05 1e-05)
(4.9e-05 3e-05 1e-05)
(5e-05 3e-05 1e-05)
(5.1e-05 3e-05 1e-05)
(5.2e-05 3e-05 1e-05)
(5.3e-05 3e-05 1e-05)
(5.4e-05 3e-05 1e-05)
(5.5e-05 3e-05 1e-05)
(5.6e-05 3e-05 1e-05)
(5.7e-05 3e-05 1e-05)
(5.8e-05 3e-05 1e-05)
(5.9e-05 3e-05 1e-05)
(6e-05 3e-05 1e-05)
(6.1e-05 3e-05 1e-05)
(6.2e-05 3e-05 1e-05)
(6.3e-05 3e-05 1e-05)
(6.4e-05 3e-05 1e-05)
(6.5e-05 3e-05 1e-05)
(6.6e-05 3e-05 1e-05)
(6.7e-05 3e-05 1e-05)
(6.8e-05 3e-05 1e-05)
(6.9e-05 3e-05 1e-05)
(7e-05 3e-05 1e-05)
(7.1e-05 3e-05 1e-05)
(7.2e-05 3e-05 1e-05)
(7.3e-05 3e-05 1e-05)
(7.4e-05 3e-05 1e-05)
(7.5e-05 3e-05 1e-05)
(7.6e-05 3e-05 1e-05)
(7.7e-05 3e-05 1e-05)
(7.8e-05 3e-05 1e-05)
(7.9e-05 3e-05 1e-05)
(8e-05 3e-05 1e-05)
(8.1e-05 3e-05 1e-05)
(8.2e-05 3e-05 1e-05)
(8.3e-05 3e-05 1e-05)
(8.4e-05 3e-05 1e-05)
(8.5e-05 3e-05 1e-05)
(8.6e-05 3e-05 1e-05)
(8.7e-05 3e-05 1e-05)
(8.8e-05 3e-05 1e-05)
(8.9e-05 0 0)
(9e-05 0 0)
(9.1e-05 0 0)
(9.2e-05 0 0)
(9.3e-05 0 0)
(9.4e-05 0 0)
(9.5e-05 0 0)
(9.6e-05 0 0)
(9.7e-05 0 0)
(9.8e-05 0 0)
(9.9e-05 0 0)
(0.0001 0 0)
(0.000101 0 0)
(0.000102 0 0)
(0.000103 0 0)
(0.000104 0 0)
(0.000105 0 0)
(0.000106 0 0)
(0.000107 0 0)
(0.000108 0 0)
(0.000109 0 0)
(0.00011 0 0)
(0.000111 0 0)
(0.000112 0 0)
(0.000113 0 0)
(8.9e-05 3e-05 0)
(9e-05 3e-05 0)
(9.1e-05 3e-05 0)
(9.2e-05 3e-05 0)
(9.3e-05 3e-05 0)
(9.4e-05 3e-05 0)
(9.5e-05 3e-05 0)
(9.6e-05 3e-05 0)
(9.7e-05 3e-05 0)
(9.8e-05 3e-05 0)
(9.9e-05 3e-05 0)
(0.0001 3e-05 0)
(0.000101 3e-05 0)
(0.000102 3e-05 0)
(0.000103 3e-05 0)
(0.000104 3e-05 0)
(0.000105 3e-05 0)
(0.000106 3e-05 0)
(0.000107 3e-05 0)
(0.000108 3e-05 0)
(0.000109 3e-05 0)
(0.00011 3e-05 0)
(0.000111 3e-05 0)
(0.000112 3e-05 0)
(0.000113 3e-05 0)
(8.9e-05 0 1e-05)
(9e-05 0 1e-05)
(9.1e-05 0 1e-05)
(9.2e-05 0 1e-05)
(9.3e-05 0 1e-05)
(9.4e-05 0 1e-05)
(9.5e-05 0 1e-05)
(9.6e-05 0 1e-05)
(9.7e-05 0 1e-05)
(9.8e-05 0 1e-05)
(9.9e-05 0 1e-05)
(0.0001 0 1e-05)
(0.000101 0 1e-05)
(0.000102 0 1e-05)
(0.000103 0 1e-05)
(0.000104 0 1e-05)
(0.000105 0 1e-05)
(0.000106 0 1e-05)
(0.000107 0 1e-05)
(0.000108 0 1e-05)
(0.000109 0 1e-05)
(0.00011 0 1e-05)
(0.000111 0 1e-05)
(0.000112 0 1e-05)
(0.000113 0 1e-05)
(8.9e-05 3e-05 1e-05)
(9e-05 3e-05 1e-05)
(9.1e-05 3e-05 1e-05)
(9.2e-05 3e-05 1e-05)
(9.3e-05 3e-05 1e-05)
(9.4e-05 3e-05 1e-05)
(9.5e-05 3e-05 1e-05)
(9.6e-05 3e-05 1e-05)
(9.7e-05 3e-05 1e-05)
(9.8e-05 3e-05 1e-05)
(9.9e-05 3e-05 1e-05)
(0.0001 3e-05 1e-05)
(0.000101 3e-05 1e-05)
(0.000102 3e-05 1e-05)
(0.000103 3e-05 1e-05)
(0.000104 3e-05 1e-05)
(0.000105 3e-05 1e-05)
(0.000106 3e-05 1e-05)
(0.000107 3e-05 1e-05)
(0.000108 3e-05 1e-05)
(0.000109 3e-05 1e-05)
(0.00011 3e-05 1e-05)
(0.000111 3e-05 1e-05)
(0.000112 3e-05 1e-05)
(0.000113 3e-05 1e-05)
(0.000114 0 0)
(0.000115 0 0)
(0.000116 0 0)
(0.000117 0 0)
(0.000118 0 0)
(0.000119 0 0)
(0.00012 0 0)
(0.000121 0 0)
(0.000122 0 0)
(0.000123 0 0)
(0.000124 0 0)
(0.000125 0 0)
(0.000126 0 0)
(0.000127 0 0)
(0.000128 0 0)
(0.000129 0 0)
(0.00013 0 0)
(0.000131 0 0)
(0.000132 0 0)
(0.000133 0 0)
(0.000134 0 0)
(0.000135 0 0)
(0.000136 0 0)
(0.000137 0 0)
(0.000138 0 0)
(0.000139 0 0)
(0.00014 0 0)
(0.000141 0 0)
(0.000142 0 0)
(0.000143 0 0)
(0.000144 0 0)
(0.000145 0 0)
(0.000146 0 0)
(0.000147 0 0)
(0.000148 0 0)
(0.000149 0 0)
(0.00015 0 0)
(0.000151 0 0)
(0.000152 0 0)
(0.000153 0 0)
(0.000154 0 0)
(0.000155 0 0)
(0.000156 0 0)
(0.000157 0 0)
(0.000158 0 0)
(0.000159 0 0)
(0.00016 0 0)
(0.000161 0 0)
(0.000162 0 0)
(0.000163 0 0)
(0.000164 0 0)
(0.000165 0 0)
(0.000166 0 0)
(0.000167 0 0)
(0.000168 0 0)
(0.000169 0 0)
(0.00017 0 0)
(0.000171 0 0)
(0.000172 0 0)
(0.000173 0 0)
(0.000174 0 0)
(0.000175 0 0)
(0.000176 0 0)
(0.000177 0 0)
(0.000178 0 0)
(0.000179 0 0)
(0.00018 0 0)
(0.000181 0 0)
(0.000182 0 0)
(0.000183 0 0)
(0.000184 0 0)
(0.000185 0 0)
(0.000186 0 0)
(0.000187 0 0)
(0.000188 0 0)
(0.000189 0 0)
(0.00019 0 0)
(0.000191 0 0)
(0.000192 0 0)
(0.000193 0 0)
(0.000114 3e-05 0)
(0.000115 3e-05 0)
(0.000116 3e-05 0)
(0.000117 3e-05 0)
(0.000118 3e-05 0)
(0.000119 3e-05 0)
(0.00012 3e-05 0)
(0.000121 3e-05 0)
(0.000122 3e-05 0)
(0.000123 3e-05 0)
(0.000124 3e-05 0)
(0.000125 3e-05 0)
(0.000126 3e-05 0)
(0.000127 3e-05 0)
(0.000128 3e-05 0)
(0.000129 3e-05 0)
(0.00013 3e-05 0)
(0.000131 3e-05 0)
(0.000132 3e-05 0)
(0.000133 3e-05 0)
(0.000134 3e-05 0)
(0.000135 3e-05 0)
(0.000136 3e-05 0)
(0.000137 3e-05 0)
(0.000138 3e-05 0)
(0.000139 3e-05 0)
(0.00014 3e-05 0)
(0.000141 3e-05 0)
(0.000142 3e-05 0)
(0.000143 3e-05 0)
(0.000144 3e-05 0)
(0.000145 3e-05 0)
(0.000146 3e-05 0)
(0.000147 3e-05 0)
(0.000148 3e-05 0)
(0.000149 3e-05 0)
(0.00015 3e-05 0)
(0.000151 3e-05 0)
(0.000152 3e-05 0)
(0.000153 3e-05 0)
(0.000154 3e-05 0)
(0.000155 3e-05 0)
(0.000156 3e-05 0)
(0.000157 3e-05 0)
(0.000158 3e-05 0)
(0.000159 3e-05 0)
(0.00016 3e-05 0)
(0.000161 3e-05 0)
(0.000162 3e-05 0)
(0.000163 3e-05 0)
(0.000164 3e-05 0)
(0.000165 3e-05 0)
(0.000166 3e-05 0)
(0.000167 3e-05 0)
(0.000168 3e-05 0)
(0.000169 3e-05 0)
(0.00017 3e-05 0)
(0.000171 3e-05 0)
(0.000172 3e-05 0)
(0.000173 3e-05 0)
(0.000174 3e-05 0)
(0.000175 3e-05 0)
(0.000176 3e-05 0)
(0.000177 3e-05 0)
(0.000178 3e-05 0)
(0.000179 3e-05 0)
(0.00018 3e-05 0)
(0.000181 3e-05 0)
(0.000182 3e-05 0)
(0.000183 3e-05 0)
(0.000184 3e-05 0)
(0.000185 3e-05 0)
(0.000186 3e-05 0)
(0.000187 3e-05 0)
(0.000188 3e-05 0)
(0.000189 3e-05 0)
(0.00019 3e-05 0)
(0.000191 3e-05 0)
(0.000192 3e-05 0)
(0.000193 3e-05 0)
(0.000114 0 1e-05)
(0.000115 0 1e-05)
(0.000116 0 1e-05)
(0.000117 0 1e-05)
(0.000118 0 1e-05)
(0.000119 0 1e-05)
(0.00012 0 1e-05)
(0.000121 0 1e-05)
(0.000122 0 1e-05)
(0.000123 0 1e-05)
(0.000124 0 1e-05)
(0.000125 0 1e-05)
(0.000126 0 1e-05)
(0.000127 0 1e-05)
(0.000128 0 1e-05)
(0.000129 0 1e-05)
(0.00013 0 1e-05)
(0.000131 0 1e-05)
(0.000132 0 1e-05)
(0.000133 0 1e-05)
(0.000134 0 1e-05)
(0.000135 0 1e-05)
(0.000136 0 1e-05)
(0.000137 0 1e-05)
(0.000138 0 1e-05)
(0.000139 0 1e-05)
(0.00014 0 1e-05)
(0.000141 0 1e-05)
(0.000142 0 1e-05)
(0.000143 0 1e-05)
(0.000144 0 1e-05)
(0.000145 0 1e-05)
(0.000146 0 1e-05)
(0.000147 0 1e-05)
(0.000148 0 1e-05)
(0.000149 0 1e-05)
(0.00015 0 1e-05)
(0.000151 0 1e-05)
(0.000152 0 1e-05)
(0.000153 0 1e-05)
(0.000154 0 1e-05)
(0.000155 0 1e-05)
(0.000156 0 1e-05)
(0.000157 0 1e-05)
(0.000158 0 1e-05)
(0.000159 0 1e-05)
(0.00016 0 1e-05)
(0.000161 0 1e-05)
(0.000162 0 1e-05)
(0.000163 0 1e-05)
(0.000164 0 1e-05)
(0.000165 0 1e-05)
(0.000166 0 1e-05)
(0.000167 0 1e-05)
(0.000168 0 1e-05)
(0.000169 0 1e-05)
(0.00017 0 1e-05)
(0.000171 0 1e-05)
(0.000172 0 1e-05)
(0.000173 0 1e-05)
(0.000174 0 1e-05)
(0.000175 0 1e-05)
(0.000176 0 1e-05)
(0.000177 0 1e-05)
(0.000178 0 1e-05)
(0.000179 0 1e-05)
(0.00018 0 1e-05)
(0.000181 0 1e-05)
(0.000182 0 1e-05)
(0.000183 0 1e-05)
(0.000184 0 1e-05)
(0.000185 0 1e-05)
(0.000186 0 1e-05)
(0.000187 0 1e-05)
(0.000188 0 1e-05)
(0.000189 0 1e-05)
(0.00019 0 1e-05)
(0.000191 0 1e-05)
(0.000192 0 1e-05)
(0.000193 0 1e-05)
(0.000114 3e-05 1e-05)
(0.000115 3e-05 1e-05)
(0.000116 3e-05 1e-05)
(0.000117 3e-05 1e-05)
(0.000118 3e-05 1e-05)
(0.000119 3e-05 1e-05)
(0.00012 3e-05 1e-05)
(0.000121 3e-05 1e-05)
(0.000122 3e-05 1e-05)
(0.000123 3e-05 1e-05)
(0.000124 3e-05 1e-05)
(0.000125 3e-05 1e-05)
(0.000126 3e-05 1e-05)
(0.000127 3e-05 1e-05)
(0.000128 3e-05 1e-05)
(0.000129 3e-05 1e-05)
(0.00013 3e-05 1e-05)
(0.000131 3e-05 1e-05)
(0.000132 3e-05 1e-05)
(0.000133 3e-05 1e-05)
(0.000134 3e-05 1e-05)
(0.000135 3e-05 1e-05)
(0.000136 3e-05 1e-05)
(0.000137 3e-05 1e-05)
(0.000138 3e-05 1e-05)
(0.000139 3e-05 1e-05)
(0.00014 3e-05 1e-05)
(0.000141 3e-05 1e-05)
(0.000142 3e-05 1e-05)
(0.000143 3e-05 1e-05)
(0.000144 3e-05 1e-05)
(0.000145 3e-05 1e-05)
(0.000146 3e-05 1e-05)
(0.000147 3e-05 1e-05)
(0.000148 3e-05 1e-05)
(0.000149 3e-05 1e-05)
(0.00015 3e-05 1e-05)
(0.000151 3e-05 1e-05)
(0.000152 3e-05 1e-05)
(0.000153 3e-05 1e-05)
(0.000154 3e-05 1e-05)
(0.000155 3e-05 1e-05)
(0.000156 3e-05 1e-05)
(0.000157 3e-05 1e-05)
(0.000158 3e-05 1e-05)
(0.000159 3e-05 1e-05)
(0.00016 3e-05 1e-05)
(0.000161 3e-05 1e-05)
(0.000162 3e-05 1e-05)
(0.000163 3e-05 1e-05)
(0.000164 3e-05 1e-05)
(0.000165 3e-05 1e-05)
(0.000166 3e-05 1e-05)
(0.000167 3e-05 1e-05)
(0.000168 3e-05 1e-05)
(0.000169 3e-05 1e-05)
(0.00017 3e-05 1e-05)
(0.000171 3e-05 1e-05)
(0.000172 3e-05 1e-05)
(0.000173 3e-05 1e-05)
(0.000174 3e-05 1e-05)
(0.000175 3e-05 1e-05)
(0.000176 3e-05 1e-05)
(0.000177 3e-05 1e-05)
(0.000178 3e-05 1e-05)
(0.000179 3e-05 1e-05)
(0.00018 3e-05 1e-05)
(0.000181 3e-05 1e-05)
(0.000182 3e-05 1e-05)
(0.000183 3e-05 1e-05)
(0.000184 3e-05 1e-05)
(0.000185 3e-05 1e-05)
(0.000186 3e-05 1e-05)
(0.000187 3e-05 1e-05)
(0.000188 3e-05 1e-05)
(0.000189 3e-05 1e-05)
(0.00019 3e-05 1e-05)
(0.000191 3e-05 1e-05)
(0.000192 3e-05 1e-05)
(0.000193 3e-05 1e-05)
)


// ************************************************************************* //
