/*--------------------------------*- C++ -*----------------------------------*\
  =========                 |
  \\      /  F ield         | OpenFOAM: The Open Source CFD Toolbox
   \\    /   O peration     | Website:  https://openfoam.org
    \\  /    A nd           | Version:  8
     \\/     M anipulation  |
\*---------------------------------------------------------------------------*/
FoamFile
{
    version     2.0;
    format      ascii;
    class       faceList;
    location    "constant/anode/polyMesh";
    object      faces;
}
// * * * * * * * * * * * * * * * * * * * * * * * * * * * * * * * * * * * * * //


441
(
4(1 90 268 179)
4(2 91 269 180)
4(3 92 270 181)
4(4 93 271 182)
4(5 94 272 183)
4(6 95 273 184)
4(7 96 274 185)
4(8 97 275 186)
4(9 98 276 187)
4(10 99 277 188)
4(11 100 278 189)
4(12 101 279 190)
4(13 102 280 191)
4(14 103 281 192)
4(15 104 282 193)
4(16 105 283 194)
4(17 106 284 195)
4(18 107 285 196)
4(19 108 286 197)
4(20 109 287 198)
4(21 110 288 199)
4(22 111 289 200)
4(23 112 290 201)
4(24 113 291 202)
4(25 114 292 203)
4(26 115 293 204)
4(27 116 294 205)
4(28 117 295 206)
4(29 118 296 207)
4(30 119 297 208)
4(31 120 298 209)
4(32 121 299 210)
4(33 122 300 211)
4(34 123 301 212)
4(35 124 302 213)
4(36 125 303 214)
4(37 126 304 215)
4(38 127 305 216)
4(39 128 306 217)
4(40 129 307 218)
4(41 130 308 219)
4(42 131 309 220)
4(43 132 310 221)
4(44 133 311 222)
4(45 134 312 223)
4(46 135 313 224)
4(47 136 314 225)
4(48 137 315 226)
4(49 138 316 227)
4(50 139 317 228)
4(51 140 318 229)
4(52 141 319 230)
4(53 142 320 231)
4(54 143 321 232)
4(55 144 322 233)
4(56 145 323 234)
4(57 146 324 235)
4(58 147 325 236)
4(59 148 326 237)
4(60 149 327 238)
4(61 150 328 239)
4(62 151 329 240)
4(63 152 330 241)
4(64 153 331 242)
4(65 154 332 243)
4(66 155 333 244)
4(67 156 334 245)
4(68 157 335 246)
4(69 158 336 247)
4(70 159 337 248)
4(71 160 338 249)
4(72 161 339 250)
4(73 162 340 251)
4(74 163 341 252)
4(75 164 342 253)
4(76 165 343 254)
4(77 166 344 255)
4(78 167 345 256)
4(79 168 346 257)
4(80 169 347 258)
4(81 170 348 259)
4(82 171 349 260)
4(83 172 350 261)
4(84 173 351 262)
4(85 174 352 263)
4(86 175 353 264)
4(87 176 354 265)
4(0 178 267 89)
4(0 1 179 178)
4(1 2 180 179)
4(2 3 181 180)
4(3 4 182 181)
4(4 5 183 182)
4(5 6 184 183)
4(6 7 185 184)
4(7 8 186 185)
4(8 9 187 186)
4(9 10 188 187)
4(10 11 189 188)
4(11 12 190 189)
4(12 13 191 190)
4(13 14 192 191)
4(14 15 193 192)
4(15 16 194 193)
4(16 17 195 194)
4(17 18 196 195)
4(18 19 197 196)
4(19 20 198 197)
4(20 21 199 198)
4(21 22 200 199)
4(22 23 201 200)
4(23 24 202 201)
4(24 25 203 202)
4(25 26 204 203)
4(26 27 205 204)
4(27 28 206 205)
4(28 29 207 206)
4(29 30 208 207)
4(30 31 209 208)
4(31 32 210 209)
4(32 33 211 210)
4(33 34 212 211)
4(34 35 213 212)
4(35 36 214 213)
4(36 37 215 214)
4(37 38 216 215)
4(38 39 217 216)
4(39 40 218 217)
4(40 41 219 218)
4(41 42 220 219)
4(42 43 221 220)
4(43 44 222 221)
4(44 45 223 222)
4(45 46 224 223)
4(46 47 225 224)
4(47 48 226 225)
4(48 49 227 226)
4(49 50 228 227)
4(50 51 229 228)
4(51 52 230 229)
4(52 53 231 230)
4(53 54 232 231)
4(54 55 233 232)
4(55 56 234 233)
4(56 57 235 234)
4(57 58 236 235)
4(58 59 237 236)
4(59 60 238 237)
4(60 61 239 238)
4(61 62 240 239)
4(62 63 241 240)
4(63 64 242 241)
4(64 65 243 242)
4(65 66 244 243)
4(66 67 245 244)
4(67 68 246 245)
4(68 69 247 246)
4(69 70 248 247)
4(70 71 249 248)
4(71 72 250 249)
4(72 73 251 250)
4(73 74 252 251)
4(74 75 253 252)
4(75 76 254 253)
4(76 77 255 254)
4(77 78 256 255)
4(78 79 257 256)
4(79 80 258 257)
4(80 81 259 258)
4(81 82 260 259)
4(82 83 261 260)
4(83 84 262 261)
4(84 85 263 262)
4(85 86 264 263)
4(86 87 265 264)
4(87 88 266 265)
4(89 267 268 90)
4(90 268 269 91)
4(91 269 270 92)
4(92 270 271 93)
4(93 271 272 94)
4(94 272 273 95)
4(95 273 274 96)
4(96 274 275 97)
4(97 275 276 98)
4(98 276 277 99)
4(99 277 278 100)
4(100 278 279 101)
4(101 279 280 102)
4(102 280 281 103)
4(103 281 282 104)
4(104 282 283 105)
4(105 283 284 106)
4(106 284 285 107)
4(107 285 286 108)
4(108 286 287 109)
4(109 287 288 110)
4(110 288 289 111)
4(111 289 290 112)
4(112 290 291 113)
4(113 291 292 114)
4(114 292 293 115)
4(115 293 294 116)
4(116 294 295 117)
4(117 295 296 118)
4(118 296 297 119)
4(119 297 298 120)
4(120 298 299 121)
4(121 299 300 122)
4(122 300 301 123)
4(123 301 302 124)
4(124 302 303 125)
4(125 303 304 126)
4(126 304 305 127)
4(127 305 306 128)
4(128 306 307 129)
4(129 307 308 130)
4(130 308 309 131)
4(131 309 310 132)
4(132 310 311 133)
4(133 311 312 134)
4(134 312 313 135)
4(135 313 314 136)
4(136 314 315 137)
4(137 315 316 138)
4(138 316 317 139)
4(139 317 318 140)
4(140 318 319 141)
4(141 319 320 142)
4(142 320 321 143)
4(143 321 322 144)
4(144 322 323 145)
4(145 323 324 146)
4(146 324 325 147)
4(147 325 326 148)
4(148 326 327 149)
4(149 327 328 150)
4(150 328 329 151)
4(151 329 330 152)
4(152 330 331 153)
4(153 331 332 154)
4(154 332 333 155)
4(155 333 334 156)
4(156 334 335 157)
4(157 335 336 158)
4(158 336 337 159)
4(159 337 338 160)
4(160 338 339 161)
4(161 339 340 162)
4(162 340 341 163)
4(163 341 342 164)
4(164 342 343 165)
4(165 343 344 166)
4(166 344 345 167)
4(167 345 346 168)
4(168 346 347 169)
4(169 347 348 170)
4(170 348 349 171)
4(171 349 350 172)
4(172 350 351 173)
4(173 351 352 174)
4(174 352 353 175)
4(175 353 354 176)
4(176 354 355 177)
4(0 89 90 1)
4(1 90 91 2)
4(2 91 92 3)
4(3 92 93 4)
4(4 93 94 5)
4(5 94 95 6)
4(6 95 96 7)
4(7 96 97 8)
4(8 97 98 9)
4(9 98 99 10)
4(10 99 100 11)
4(11 100 101 12)
4(12 101 102 13)
4(13 102 103 14)
4(14 103 104 15)
4(15 104 105 16)
4(16 105 106 17)
4(17 106 107 18)
4(18 107 108 19)
4(19 108 109 20)
4(20 109 110 21)
4(21 110 111 22)
4(22 111 112 23)
4(23 112 113 24)
4(24 113 114 25)
4(25 114 115 26)
4(26 115 116 27)
4(27 116 117 28)
4(28 117 118 29)
4(29 118 119 30)
4(30 119 120 31)
4(31 120 121 32)
4(32 121 122 33)
4(33 122 123 34)
4(34 123 124 35)
4(35 124 125 36)
4(36 125 126 37)
4(37 126 127 38)
4(38 127 128 39)
4(39 128 129 40)
4(40 129 130 41)
4(41 130 131 42)
4(42 131 132 43)
4(43 132 133 44)
4(44 133 134 45)
4(45 134 135 46)
4(46 135 136 47)
4(47 136 137 48)
4(48 137 138 49)
4(49 138 139 50)
4(50 139 140 51)
4(51 140 141 52)
4(52 141 142 53)
4(53 142 143 54)
4(54 143 144 55)
4(55 144 145 56)
4(56 145 146 57)
4(57 146 147 58)
4(58 147 148 59)
4(59 148 149 60)
4(60 149 150 61)
4(61 150 151 62)
4(62 151 152 63)
4(63 152 153 64)
4(64 153 154 65)
4(65 154 155 66)
4(66 155 156 67)
4(67 156 157 68)
4(68 157 158 69)
4(69 158 159 70)
4(70 159 160 71)
4(71 160 161 72)
4(72 161 162 73)
4(73 162 163 74)
4(74 163 164 75)
4(75 164 165 76)
4(76 165 166 77)
4(77 166 167 78)
4(78 167 168 79)
4(79 168 169 80)
4(80 169 170 81)
4(81 170 171 82)
4(82 171 172 83)
4(83 172 173 84)
4(84 173 174 85)
4(85 174 175 86)
4(86 175 176 87)
4(87 176 177 88)
4(178 179 268 267)
4(179 180 269 268)
4(180 181 270 269)
4(181 182 271 270)
4(182 183 272 271)
4(183 184 273 272)
4(184 185 274 273)
4(185 186 275 274)
4(186 187 276 275)
4(187 188 277 276)
4(188 189 278 277)
4(189 190 279 278)
4(190 191 280 279)
4(191 192 281 280)
4(192 193 282 281)
4(193 194 283 282)
4(194 195 284 283)
4(195 196 285 284)
4(196 197 286 285)
4(197 198 287 286)
4(198 199 288 287)
4(199 200 289 288)
4(200 201 290 289)
4(201 202 291 290)
4(202 203 292 291)
4(203 204 293 292)
4(204 205 294 293)
4(205 206 295 294)
4(206 207 296 295)
4(207 208 297 296)
4(208 209 298 297)
4(209 210 299 298)
4(210 211 300 299)
4(211 212 301 300)
4(212 213 302 301)
4(213 214 303 302)
4(214 215 304 303)
4(215 216 305 304)
4(216 217 306 305)
4(217 218 307 306)
4(218 219 308 307)
4(219 220 309 308)
4(220 221 310 309)
4(221 222 311 310)
4(222 223 312 311)
4(223 224 313 312)
4(224 225 314 313)
4(225 226 315 314)
4(226 227 316 315)
4(227 228 317 316)
4(228 229 318 317)
4(229 230 319 318)
4(230 231 320 319)
4(231 232 321 320)
4(232 233 322 321)
4(233 234 323 322)
4(234 235 324 323)
4(235 236 325 324)
4(236 237 326 325)
4(237 238 327 326)
4(238 239 328 327)
4(239 240 329 328)
4(240 241 330 329)
4(241 242 331 330)
4(242 243 332 331)
4(243 244 333 332)
4(244 245 334 333)
4(245 246 335 334)
4(246 247 336 335)
4(247 248 337 336)
4(248 249 338 337)
4(249 250 339 338)
4(250 251 340 339)
4(251 252 341 340)
4(252 253 342 341)
4(253 254 343 342)
4(254 255 344 343)
4(255 256 345 344)
4(256 257 346 345)
4(257 258 347 346)
4(258 259 348 347)
4(259 260 349 348)
4(260 261 350 349)
4(261 262 351 350)
4(262 263 352 351)
4(263 264 353 352)
4(264 265 354 353)
4(265 266 355 354)
4(88 177 355 266)
)


// ************************************************************************* //
