/*--------------------------------*- C++ -*----------------------------------*\
  =========                 |
  \\      /  F ield         | OpenFOAM: The Open Source CFD Toolbox
   \\    /   O peration     | Website:  https://openfoam.org
    \\  /    A nd           | Version:  8
     \\/     M anipulation  |
\*---------------------------------------------------------------------------*/
FoamFile
{
    version     2.0;
    format      ascii;
    class       vectorField;
    location    "constant/anode/polyMesh";
    object      points;
}
// * * * * * * * * * * * * * * * * * * * * * * * * * * * * * * * * * * * * * //


356
(
(0 0 0)
(1e-06 0 0)
(2e-06 0 0)
(3e-06 0 0)
(4e-06 0 0)
(5e-06 0 0)
(6e-06 0 0)
(7e-06 0 0)
(8e-06 0 0)
(9e-06 0 0)
(1e-05 0 0)
(1.1e-05 0 0)
(1.2e-05 0 0)
(1.3e-05 0 0)
(1.4e-05 0 0)
(1.5e-05 0 0)
(1.6e-05 0 0)
(1.7e-05 0 0)
(1.8e-05 0 0)
(1.9e-05 0 0)
(2e-05 0 0)
(2.1e-05 0 0)
(2.2e-05 0 0)
(2.3e-05 0 0)
(2.4e-05 0 0)
(2.5e-05 0 0)
(2.6e-05 0 0)
(2.7e-05 0 0)
(2.8e-05 0 0)
(2.9e-05 0 0)
(3e-05 0 0)
(3.1e-05 0 0)
(3.2e-05 0 0)
(3.3e-05 0 0)
(3.4e-05 0 0)
(3.5e-05 0 0)
(3.6e-05 0 0)
(3.7e-05 0 0)
(3.8e-05 0 0)
(3.9e-05 0 0)
(4e-05 0 0)
(4.1e-05 0 0)
(4.2e-05 0 0)
(4.3e-05 0 0)
(4.4e-05 0 0)
(4.5e-05 0 0)
(4.6e-05 0 0)
(4.7e-05 0 0)
(4.8e-05 0 0)
(4.9e-05 0 0)
(5e-05 0 0)
(5.1e-05 0 0)
(5.2e-05 0 0)
(5.3e-05 0 0)
(5.4e-05 0 0)
(5.5e-05 0 0)
(5.6e-05 0 0)
(5.7e-05 0 0)
(5.8e-05 0 0)
(5.9e-05 0 0)
(6e-05 0 0)
(6.1e-05 0 0)
(6.2e-05 0 0)
(6.3e-05 0 0)
(6.4e-05 0 0)
(6.5e-05 0 0)
(6.6e-05 0 0)
(6.7e-05 0 0)
(6.8e-05 0 0)
(6.9e-05 0 0)
(7e-05 0 0)
(7.1e-05 0 0)
(7.2e-05 0 0)
(7.3e-05 0 0)
(7.4e-05 0 0)
(7.5e-05 0 0)
(7.6e-05 0 0)
(7.7e-05 0 0)
(7.8e-05 0 0)
(7.9e-05 0 0)
(8e-05 0 0)
(8.1e-05 0 0)
(8.2e-05 0 0)
(8.3e-05 0 0)
(8.4e-05 0 0)
(8.5e-05 0 0)
(8.6e-05 0 0)
(8.7e-05 0 0)
(8.8e-05 0 0)
(0 3e-05 0)
(1e-06 3e-05 0)
(2e-06 3e-05 0)
(3e-06 3e-05 0)
(4e-06 3e-05 0)
(5e-06 3e-05 0)
(6e-06 3e-05 0)
(7e-06 3e-05 0)
(8e-06 3e-05 0)
(9e-06 3e-05 0)
(1e-05 3e-05 0)
(1.1e-05 3e-05 0)
(1.2e-05 3e-05 0)
(1.3e-05 3e-05 0)
(1.4e-05 3e-05 0)
(1.5e-05 3e-05 0)
(1.6e-05 3e-05 0)
(1.7e-05 3e-05 0)
(1.8e-05 3e-05 0)
(1.9e-05 3e-05 0)
(2e-05 3e-05 0)
(2.1e-05 3e-05 0)
(2.2e-05 3e-05 0)
(2.3e-05 3e-05 0)
(2.4e-05 3e-05 0)
(2.5e-05 3e-05 0)
(2.6e-05 3e-05 0)
(2.7e-05 3e-05 0)
(2.8e-05 3e-05 0)
(2.9e-05 3e-05 0)
(3e-05 3e-05 0)
(3.1e-05 3e-05 0)
(3.2e-05 3e-05 0)
(3.3e-05 3e-05 0)
(3.4e-05 3e-05 0)
(3.5e-05 3e-05 0)
(3.6e-05 3e-05 0)
(3.7e-05 3e-05 0)
(3.8e-05 3e-05 0)
(3.9e-05 3e-05 0)
(4e-05 3e-05 0)
(4.1e-05 3e-05 0)
(4.2e-05 3e-05 0)
(4.3e-05 3e-05 0)
(4.4e-05 3e-05 0)
(4.5e-05 3e-05 0)
(4.6e-05 3e-05 0)
(4.7e-05 3e-05 0)
(4.8e-05 3e-05 0)
(4.9e-05 3e-05 0)
(5e-05 3e-05 0)
(5.1e-05 3e-05 0)
(5.2e-05 3e-05 0)
(5.3e-05 3e-05 0)
(5.4e-05 3e-05 0)
(5.5e-05 3e-05 0)
(5.6e-05 3e-05 0)
(5.7e-05 3e-05 0)
(5.8e-05 3e-05 0)
(5.9e-05 3e-05 0)
(6e-05 3e-05 0)
(6.1e-05 3e-05 0)
(6.2e-05 3e-05 0)
(6.3e-05 3e-05 0)
(6.4e-05 3e-05 0)
(6.5e-05 3e-05 0)
(6.6e-05 3e-05 0)
(6.7e-05 3e-05 0)
(6.8e-05 3e-05 0)
(6.9e-05 3e-05 0)
(7e-05 3e-05 0)
(7.1e-05 3e-05 0)
(7.2e-05 3e-05 0)
(7.3e-05 3e-05 0)
(7.4e-05 3e-05 0)
(7.5e-05 3e-05 0)
(7.6e-05 3e-05 0)
(7.7e-05 3e-05 0)
(7.8e-05 3e-05 0)
(7.9e-05 3e-05 0)
(8e-05 3e-05 0)
(8.1e-05 3e-05 0)
(8.2e-05 3e-05 0)
(8.3e-05 3e-05 0)
(8.4e-05 3e-05 0)
(8.5e-05 3e-05 0)
(8.6e-05 3e-05 0)
(8.7e-05 3e-05 0)
(8.8e-05 3e-05 0)
(0 0 1e-05)
(1e-06 0 1e-05)
(2e-06 0 1e-05)
(3e-06 0 1e-05)
(4e-06 0 1e-05)
(5e-06 0 1e-05)
(6e-06 0 1e-05)
(7e-06 0 1e-05)
(8e-06 0 1e-05)
(9e-06 0 1e-05)
(1e-05 0 1e-05)
(1.1e-05 0 1e-05)
(1.2e-05 0 1e-05)
(1.3e-05 0 1e-05)
(1.4e-05 0 1e-05)
(1.5e-05 0 1e-05)
(1.6e-05 0 1e-05)
(1.7e-05 0 1e-05)
(1.8e-05 0 1e-05)
(1.9e-05 0 1e-05)
(2e-05 0 1e-05)
(2.1e-05 0 1e-05)
(2.2e-05 0 1e-05)
(2.3e-05 0 1e-05)
(2.4e-05 0 1e-05)
(2.5e-05 0 1e-05)
(2.6e-05 0 1e-05)
(2.7e-05 0 1e-05)
(2.8e-05 0 1e-05)
(2.9e-05 0 1e-05)
(3e-05 0 1e-05)
(3.1e-05 0 1e-05)
(3.2e-05 0 1e-05)
(3.3e-05 0 1e-05)
(3.4e-05 0 1e-05)
(3.5e-05 0 1e-05)
(3.6e-05 0 1e-05)
(3.7e-05 0 1e-05)
(3.8e-05 0 1e-05)
(3.9e-05 0 1e-05)
(4e-05 0 1e-05)
(4.1e-05 0 1e-05)
(4.2e-05 0 1e-05)
(4.3e-05 0 1e-05)
(4.4e-05 0 1e-05)
(4.5e-05 0 1e-05)
(4.6e-05 0 1e-05)
(4.7e-05 0 1e-05)
(4.8e-05 0 1e-05)
(4.9e-05 0 1e-05)
(5e-05 0 1e-05)
(5.1e-05 0 1e-05)
(5.2e-05 0 1e-05)
(5.3e-05 0 1e-05)
(5.4e-05 0 1e-05)
(5.5e-05 0 1e-05)
(5.6e-05 0 1e-05)
(5.7e-05 0 1e-05)
(5.8e-05 0 1e-05)
(5.9e-05 0 1e-05)
(6e-05 0 1e-05)
(6.1e-05 0 1e-05)
(6.2e-05 0 1e-05)
(6.3e-05 0 1e-05)
(6.4e-05 0 1e-05)
(6.5e-05 0 1e-05)
(6.6e-05 0 1e-05)
(6.7e-05 0 1e-05)
(6.8e-05 0 1e-05)
(6.9e-05 0 1e-05)
(7e-05 0 1e-05)
(7.1e-05 0 1e-05)
(7.2e-05 0 1e-05)
(7.3e-05 0 1e-05)
(7.4e-05 0 1e-05)
(7.5e-05 0 1e-05)
(7.6e-05 0 1e-05)
(7.7e-05 0 1e-05)
(7.8e-05 0 1e-05)
(7.9e-05 0 1e-05)
(8e-05 0 1e-05)
(8.1e-05 0 1e-05)
(8.2e-05 0 1e-05)
(8.3e-05 0 1e-05)
(8.4e-05 0 1e-05)
(8.5e-05 0 1e-05)
(8.6e-05 0 1e-05)
(8.7e-05 0 1e-05)
(8.8e-05 0 1e-05)
(0 3e-05 1e-05)
(1e-06 3e-05 1e-05)
(2e-06 3e-05 1e-05)
(3e-06 3e-05 1e-05)
(4e-06 3e-05 1e-05)
(5e-06 3e-05 1e-05)
(6e-06 3e-05 1e-05)
(7e-06 3e-05 1e-05)
(8e-06 3e-05 1e-05)
(9e-06 3e-05 1e-05)
(1e-05 3e-05 1e-05)
(1.1e-05 3e-05 1e-05)
(1.2e-05 3e-05 1e-05)
(1.3e-05 3e-05 1e-05)
(1.4e-05 3e-05 1e-05)
(1.5e-05 3e-05 1e-05)
(1.6e-05 3e-05 1e-05)
(1.7e-05 3e-05 1e-05)
(1.8e-05 3e-05 1e-05)
(1.9e-05 3e-05 1e-05)
(2e-05 3e-05 1e-05)
(2.1e-05 3e-05 1e-05)
(2.2e-05 3e-05 1e-05)
(2.3e-05 3e-05 1e-05)
(2.4e-05 3e-05 1e-05)
(2.5e-05 3e-05 1e-05)
(2.6e-05 3e-05 1e-05)
(2.7e-05 3e-05 1e-05)
(2.8e-05 3e-05 1e-05)
(2.9e-05 3e-05 1e-05)
(3e-05 3e-05 1e-05)
(3.1e-05 3e-05 1e-05)
(3.2e-05 3e-05 1e-05)
(3.3e-05 3e-05 1e-05)
(3.4e-05 3e-05 1e-05)
(3.5e-05 3e-05 1e-05)
(3.6e-05 3e-05 1e-05)
(3.7e-05 3e-05 1e-05)
(3.8e-05 3e-05 1e-05)
(3.9e-05 3e-05 1e-05)
(4e-05 3e-05 1e-05)
(4.1e-05 3e-05 1e-05)
(4.2e-05 3e-05 1e-05)
(4.3e-05 3e-05 1e-05)
(4.4e-05 3e-05 1e-05)
(4.5e-05 3e-05 1e-05)
(4.6e-05 3e-05 1e-05)
(4.7e-05 3e-05 1e-05)
(4.8e-05 3e-05 1e-05)
(4.9e-05 3e-05 1e-05)
(5e-05 3e-05 1e-05)
(5.1e-05 3e-05 1e-05)
(5.2e-05 3e-05 1e-05)
(5.3e-05 3e-05 1e-05)
(5.4e-05 3e-05 1e-05)
(5.5e-05 3e-05 1e-05)
(5.6e-05 3e-05 1e-05)
(5.7e-05 3e-05 1e-05)
(5.8e-05 3e-05 1e-05)
(5.9e-05 3e-05 1e-05)
(6e-05 3e-05 1e-05)
(6.1e-05 3e-05 1e-05)
(6.2e-05 3e-05 1e-05)
(6.3e-05 3e-05 1e-05)
(6.4e-05 3e-05 1e-05)
(6.5e-05 3e-05 1e-05)
(6.6e-05 3e-05 1e-05)
(6.7e-05 3e-05 1e-05)
(6.8e-05 3e-05 1e-05)
(6.9e-05 3e-05 1e-05)
(7e-05 3e-05 1e-05)
(7.1e-05 3e-05 1e-05)
(7.2e-05 3e-05 1e-05)
(7.3e-05 3e-05 1e-05)
(7.4e-05 3e-05 1e-05)
(7.5e-05 3e-05 1e-05)
(7.6e-05 3e-05 1e-05)
(7.7e-05 3e-05 1e-05)
(7.8e-05 3e-05 1e-05)
(7.9e-05 3e-05 1e-05)
(8e-05 3e-05 1e-05)
(8.1e-05 3e-05 1e-05)
(8.2e-05 3e-05 1e-05)
(8.3e-05 3e-05 1e-05)
(8.4e-05 3e-05 1e-05)
(8.5e-05 3e-05 1e-05)
(8.6e-05 3e-05 1e-05)
(8.7e-05 3e-05 1e-05)
(8.8e-05 3e-05 1e-05)
)


// ************************************************************************* //
