/*--------------------------------*- C++ -*----------------------------------*\
  =========                 |
  \\      /  F ield         | OpenFOAM: The Open Source CFD Toolbox
   \\    /   O peration     | Website:  https://openfoam.org
    \\  /    A nd           | Version:  8
     \\/     M anipulation  |
\*---------------------------------------------------------------------------*/
FoamFile
{
    version     2.0;
    format      ascii;
    class       labelList;
    note        "nPoints:8625  nCells:7208  nFaces:22968  nInternalFaces:20280";
    location    "constant/solidPhase/polyMesh";
    object      neighbour;
}
// * * * * * * * * * * * * * * * * * * * * * * * * * * * * * * * * * * * * * //


20280
(
1
5
57
2
6
58
3
7
59
8
60
5
10
67
6
11
68
7
12
69
8
13
70
9
14
71
15
72
11
16
79
12
17
80
13
18
81
14
19
82
15
20
83
21
84
17
22
91
18
23
92
19
24
93
20
25
94
21
26
95
27
96
23
103
24
28
104
25
29
105
26
30
106
27
31
107
108
29
115
30
116
31
117
118
33
38
153
34
39
154
35
40
155
41
156
37
45
162
38
46
163
39
47
164
40
48
165
41
49
166
42
50
167
43
51
168
52
169
45
54
173
46
55
174
47
56
175
48
57
176
49
58
177
50
59
178
51
60
179
52
61
180
53
62
181
63
182
55
65
186
56
66
187
57
67
188
58
68
189
59
69
190
60
70
191
61
71
192
62
72
193
63
73
194
74
195
65
76
199
66
77
200
67
78
201
68
79
202
69
80
203
70
81
204
71
82
205
72
83
206
73
84
207
74
85
208
75
86
209
87
210
77
88
213
78
89
214
79
90
215
80
91
216
81
92
217
82
93
218
83
94
219
84
95
220
85
96
221
86
97
222
87
98
223
99
224
89
100
227
90
101
228
91
102
229
92
103
230
93
104
231
94
105
232
95
106
233
96
107
234
97
108
235
98
109
236
99
110
237
111
238
101
241
102
112
242
103
113
243
104
114
244
105
115
245
106
116
246
107
117
247
108
118
248
109
119
249
110
120
250
111
121
251
252
113
122
256
114
123
257
115
124
258
116
125
259
117
126
260
118
127
261
119
128
262
120
129
263
121
130
264
131
265
123
269
124
132
270
125
133
271
126
134
272
127
135
273
128
136
274
129
137
275
130
138
276
131
139
277
278
133
282
134
283
135
140
284
136
141
285
137
142
286
138
143
287
139
288
289
141
295
142
296
143
297
298
145
152
318
146
153
319
147
154
320
148
155
321
149
156
322
157
323
151
161
327
152
162
328
153
163
329
154
164
330
155
165
331
156
166
332
157
167
333
158
168
334
159
169
335
170
336
161
172
339
162
173
340
163
174
341
164
175
342
165
176
343
166
177
344
167
178
345
168
179
346
169
180
347
170
181
348
171
182
349
183
350
173
185
354
174
186
355
175
187
356
176
188
357
177
189
358
178
190
359
179
191
360
180
192
361
181
193
362
182
194
363
183
195
364
196
365
185
198
369
186
199
370
187
200
371
188
201
372
189
202
373
190
203
374
191
204
375
192
205
376
193
206
377
194
207
378
195
208
379
196
209
380
197
210
381
211
382
199
212
385
200
213
386
201
214
387
202
215
388
203
216
389
204
217
390
205
218
391
206
219
392
207
220
393
208
221
394
209
222
395
210
223
396
211
224
397
225
398
213
226
401
214
227
402
215
228
403
216
229
404
217
230
405
218
231
406
219
232
407
220
233
408
221
234
409
222
235
410
223
236
411
224
237
412
225
238
413
239
414
227
240
417
228
241
418
229
242
419
230
243
420
231
244
421
232
245
422
233
246
423
234
247
424
235
248
425
236
249
426
237
250
427
238
251
428
239
252
429
253
430
241
254
433
242
255
434
243
256
435
244
257
436
245
258
437
246
259
438
247
260
439
248
261
440
249
262
441
250
263
442
251
264
443
252
265
444
253
266
445
267
446
255
449
256
268
450
257
269
451
258
270
452
259
271
453
260
272
454
261
273
455
262
274
456
263
275
457
264
276
458
265
277
459
266
278
460
267
279
461
462
269
280
466
270
281
467
271
282
468
272
283
469
273
284
470
274
285
471
275
286
472
276
287
473
277
288
474
278
289
475
279
290
476
291
477
281
481
282
292
482
283
293
483
284
294
484
285
295
485
286
296
486
287
297
487
288
298
488
289
299
489
290
300
490
291
301
491
492
293
495
294
496
295
302
497
296
303
498
297
304
499
298
305
500
299
306
501
300
307
502
301
503
504
303
508
304
509
305
510
306
511
307
512
513
309
317
534
310
318
535
311
319
536
312
320
537
313
321
538
314
322
539
315
323
540
324
541
317
327
546
318
328
547
319
329
548
320
330
549
321
331
550
322
332
551
323
333
552
324
334
553
325
335
554
336
555
327
339
560
328
340
561
329
341
562
330
342
563
331
343
564
332
344
565
333
345
566
334
346
567
335
347
568
336
348
569
337
349
570
350
571
339
353
575
340
354
576
341
355
577
342
356
578
343
357
579
344
358
580
345
359
581
346
360
582
347
361
583
348
362
584
349
363
585
350
364
586
351
365
587
366
588
353
368
591
354
369
592
355
370
593
356
371
594
357
372
595
358
373
596
359
374
597
360
375
598
361
376
599
362
377
600
363
378
601
364
379
602
365
380
603
366
381
604
367
382
605
383
606
369
384
609
370
385
610
371
386
611
372
387
612
373
388
613
374
389
614
375
390
615
376
391
616
377
392
617
378
393
618
379
394
619
380
395
620
381
396
621
382
397
622
383
398
623
399
624
385
400
627
386
401
628
387
402
629
388
403
630
389
404
631
390
405
632
391
406
633
392
407
634
393
408
635
394
409
636
395
410
637
396
411
638
397
412
639
398
413
640
399
414
641
415
642
401
416
645
402
417
646
403
418
647
404
419
648
405
420
649
406
421
650
407
422
651
408
423
652
409
424
653
410
425
654
411
426
655
412
427
656
413
428
657
414
429
658
415
430
659
431
660
417
432
663
418
433
664
419
434
665
420
435
666
421
436
667
422
437
668
423
438
669
424
439
670
425
440
671
426
441
672
427
442
673
428
443
674
429
444
675
430
445
676
431
446
677
447
678
433
448
681
434
449
682
435
450
683
436
451
684
437
452
685
438
453
686
439
454
687
440
455
688
441
456
689
442
457
690
443
458
691
444
459
692
445
460
693
446
461
694
447
462
695
463
696
449
464
699
450
465
700
451
466
701
452
467
702
453
468
703
454
469
704
455
470
705
456
471
706
457
472
707
458
473
708
459
474
709
460
475
710
461
476
711
462
477
712
463
478
713
479
714
465
717
466
480
718
467
481
719
468
482
720
469
483
721
470
484
722
471
485
723
472
486
724
473
487
725
474
488
726
475
489
727
476
490
728
477
491
729
478
492
730
479
493
731
732
481
735
482
494
736
483
495
737
484
496
738
485
497
739
486
498
740
487
499
741
488
500
742
489
501
743
490
502
744
491
503
745
492
504
746
493
505
747
748
495
752
496
506
753
497
507
754
498
508
755
499
509
756
500
510
757
501
511
758
502
512
759
503
513
760
504
514
761
505
515
762
763
507
768
508
516
769
509
517
770
510
518
771
511
519
772
512
520
773
513
521
774
514
522
775
515
523
776
777
517
782
518
783
519
784
520
785
521
786
522
787
523
788
789
525
534
807
526
535
808
527
536
809
528
537
810
529
538
811
530
539
812
531
540
813
541
814
533
545
817
534
546
818
535
547
819
536
548
820
537
549
821
538
550
822
539
551
823
540
552
824
541
553
825
542
554
826
543
555
827
556
828
545
559
831
546
560
832
547
561
833
548
562
834
549
563
835
550
564
836
551
565
837
552
566
838
553
567
839
554
568
840
555
569
841
556
570
842
557
571
843
572
844
559
574
846
560
575
847
561
576
848
562
577
849
563
578
850
564
579
851
565
580
852
566
581
853
567
582
854
568
583
855
569
584
856
570
585
857
571
586
858
572
587
859
573
588
860
589
861
575
591
863
576
592
864
577
593
865
578
594
866
579
595
867
580
596
868
581
597
869
582
598
870
583
599
871
584
600
872
585
601
873
586
602
874
587
603
875
588
604
876
589
605
877
606
878
591
608
880
592
609
881
593
610
882
594
611
883
595
612
884
596
613
885
597
614
886
598
615
887
599
616
888
600
617
889
601
618
890
602
619
891
603
620
892
604
621
893
605
622
894
606
623
895
607
624
896
625
897
609
626
899
610
627
900
611
628
901
612
629
902
613
630
903
614
631
904
615
632
905
616
633
906
617
634
907
618
635
908
619
636
909
620
637
910
621
638
911
622
639
912
623
640
913
624
641
914
625
642
915
643
916
627
644
919
628
645
920
629
646
921
630
647
922
631
648
923
632
649
924
633
650
925
634
651
926
635
652
927
636
653
928
637
654
929
638
655
930
639
656
931
640
657
932
641
658
933
642
659
934
643
660
935
661
936
645
662
939
646
663
940
647
664
941
648
665
942
649
666
943
650
667
944
651
668
945
652
669
946
653
670
947
654
671
948
655
672
949
656
673
950
657
674
951
658
675
952
659
676
953
660
677
954
661
678
955
679
956
663
680
959
664
681
960
665
682
961
666
683
962
667
684
963
668
685
964
669
686
965
670
687
966
671
688
967
672
689
968
673
690
969
674
691
970
675
692
971
676
693
972
677
694
973
678
695
974
679
696
975
697
976
681
698
979
682
699
980
683
700
981
684
701
982
685
702
983
686
703
984
687
704
985
688
705
986
689
706
987
690
707
988
691
708
989
692
709
990
693
710
991
694
711
992
695
712
993
696
713
994
697
714
995
715
996
699
716
999
700
717
1000
701
718
1001
702
719
1002
703
720
1003
704
721
1004
705
722
1005
706
723
1006
707
724
1007
708
725
1008
709
726
1009
710
727
1010
711
728
1011
712
729
1012
713
730
1013
714
731
1014
715
732
1015
733
1016
717
1018
718
734
1019
719
735
1020
720
736
1021
721
737
1022
722
738
1023
723
739
1024
724
740
1025
725
741
1026
726
742
1027
727
743
1028
728
744
1029
729
745
1030
730
746
1031
731
747
1032
732
748
1033
733
749
1034
1035
735
750
1037
736
751
1038
737
752
1039
738
753
1040
739
754
1041
740
755
1042
741
756
1043
742
757
1044
743
758
1045
744
759
1046
745
760
1047
746
761
1048
747
762
1049
748
763
1050
749
764
1051
765
1052
751
1054
752
766
1055
753
767
1056
754
768
1057
755
769
1058
756
770
1059
757
771
1060
758
772
1061
759
773
1062
760
774
1063
761
775
1064
762
776
1065
763
777
1066
764
778
1067
765
779
1068
1069
767
1071
768
780
1072
769
781
1073
770
782
1074
771
783
1075
772
784
1076
773
785
1077
774
786
1078
775
787
1079
776
788
1080
777
789
1081
778
790
1082
779
791
1083
1084
781
1087
782
1088
783
792
1089
784
793
1090
785
794
1091
786
795
1092
787
796
1093
788
797
1094
789
798
1095
790
799
1096
791
1097
1098
793
1101
794
1102
795
1103
796
1104
797
1105
798
1106
799
1107
1108
801
808
1122
802
809
1123
803
810
1124
804
811
1125
805
812
1126
813
1127
807
818
1131
808
819
1132
809
820
1133
810
821
1134
811
822
1135
812
823
1136
813
824
1137
814
825
1138
815
826
1139
827
1140
817
831
1143
818
832
1144
819
833
1145
820
834
1146
821
835
1147
822
836
1148
823
837
1149
824
838
1150
825
839
1151
826
840
1152
827
841
1153
828
842
1154
829
843
1155
844
1156
831
846
1158
832
847
1159
833
848
1160
834
849
1161
835
850
1162
836
851
1163
837
852
1164
838
853
1165
839
854
1166
840
855
1167
841
856
1168
842
857
1169
843
858
1170
844
859
1171
845
860
1172
861
1173
847
863
1175
848
864
1176
849
865
1177
850
866
1178
851
867
1179
852
868
1180
853
869
1181
854
870
1182
855
871
1183
856
872
1184
857
873
1185
858
874
1186
859
875
1187
860
876
1188
861
877
1189
878
1190
863
880
1193
864
881
1194
865
882
1195
866
883
1196
867
884
1197
868
885
1198
869
886
1199
870
887
1200
871
888
1201
872
889
1202
873
890
1203
874
891
1204
875
892
1205
876
893
1206
877
894
1207
878
895
1208
879
896
1209
897
1210
881
899
1213
882
900
1214
883
901
1215
884
902
1216
885
903
1217
886
904
1218
887
905
1219
888
906
1220
889
907
1221
890
908
1222
891
909
1223
892
910
1224
893
911
1225
894
912
1226
895
913
1227
896
914
1228
897
915
1229
916
1230
899
918
1232
900
919
1233
901
920
1234
902
921
1235
903
922
1236
904
923
1237
905
924
1238
906
925
1239
907
926
1240
908
927
1241
909
928
1242
910
929
1243
911
930
1244
912
931
1245
913
932
1246
914
933
1247
915
934
1248
916
935
1249
917
936
1250
937
1251
919
938
1253
920
939
1254
921
940
1255
922
941
1256
923
942
1257
924
943
1258
925
944
1259
926
945
1260
927
946
1261
928
947
1262
929
948
1263
930
949
1264
931
950
1265
932
951
1266
933
952
1267
934
953
1268
935
954
1269
936
955
1270
937
956
1271
957
1272
939
958
1275
940
959
1276
941
960
1277
942
961
1278
943
962
1279
944
963
1280
945
964
1281
946
965
1282
947
966
1283
948
967
1284
949
968
1285
950
969
1286
951
970
1287
952
971
1288
953
972
1289
954
973
1290
955
974
1291
956
975
1292
957
976
1293
977
1294
959
978
1297
960
979
1298
961
980
1299
962
981
1300
963
982
1301
964
983
1302
965
984
1303
966
985
1304
967
986
1305
968
987
1306
969
988
1307
970
989
1308
971
990
1309
972
991
1310
973
992
1311
974
993
1312
975
994
1313
976
995
1314
977
996
1315
997
1316
979
998
1319
980
999
1320
981
1000
1321
982
1001
1322
983
1002
1323
984
1003
1324
985
1004
1325
986
1005
1326
987
1006
1327
988
1007
1328
989
1008
1329
990
1009
1330
991
1010
1331
992
1011
1332
993
1012
1333
994
1013
1334
995
1014
1335
996
1015
1336
997
1016
1337
1017
1338
999
1340
1000
1018
1341
1001
1019
1342
1002
1020
1343
1003
1021
1344
1004
1022
1345
1005
1023
1346
1006
1024
1347
1007
1025
1348
1008
1026
1349
1009
1027
1350
1010
1028
1351
1011
1029
1352
1012
1030
1353
1013
1031
1354
1014
1032
1355
1015
1033
1356
1016
1034
1357
1017
1035
1358
1359
1019
1036
1361
1020
1037
1362
1021
1038
1363
1022
1039
1364
1023
1040
1365
1024
1041
1366
1025
1042
1367
1026
1043
1368
1027
1044
1369
1028
1045
1370
1029
1046
1371
1030
1047
1372
1031
1048
1373
1032
1049
1374
1033
1050
1375
1034
1051
1376
1035
1052
1377
1053
1378
1037
1381
1038
1054
1382
1039
1055
1383
1040
1056
1384
1041
1057
1385
1042
1058
1386
1043
1059
1387
1044
1060
1388
1045
1061
1389
1046
1062
1390
1047
1063
1391
1048
1064
1392
1049
1065
1393
1050
1066
1394
1051
1067
1395
1052
1068
1396
1053
1069
1397
1398
1055
1070
1401
1056
1071
1402
1057
1072
1403
1058
1073
1404
1059
1074
1405
1060
1075
1406
1061
1076
1407
1062
1077
1408
1063
1078
1409
1064
1079
1410
1065
1080
1411
1066
1081
1412
1067
1082
1413
1068
1083
1414
1069
1084
1415
1085
1416
1071
1418
1072
1086
1419
1073
1087
1420
1074
1088
1421
1075
1089
1422
1076
1090
1423
1077
1091
1424
1078
1092
1425
1079
1093
1426
1080
1094
1427
1081
1095
1428
1082
1096
1429
1083
1097
1430
1084
1098
1431
1085
1099
1432
1433
1087
1435
1088
1436
1089
1100
1437
1090
1101
1438
1091
1102
1439
1092
1103
1440
1093
1104
1441
1094
1105
1442
1095
1106
1443
1096
1107
1444
1097
1108
1445
1098
1109
1446
1099
1447
1448
1101
1451
1102
1452
1103
1110
1453
1104
1111
1454
1105
1112
1455
1106
1113
1456
1107
1114
1457
1108
1115
1458
1109
1459
1460
1111
1464
1112
1465
1113
1466
1114
1467
1115
1468
1469
1117
1123
1478
1118
1124
1479
1119
1125
1480
1126
1481
1121
1131
1485
1122
1132
1486
1123
1133
1487
1124
1134
1488
1125
1135
1489
1126
1136
1490
1127
1137
1491
1128
1138
1492
1129
1139
1493
1140
1494
1131
1144
1497
1132
1145
1498
1133
1146
1499
1134
1147
1500
1135
1148
1501
1136
1149
1502
1137
1150
1503
1138
1151
1504
1139
1152
1505
1140
1153
1506
1141
1154
1507
1155
1508
1143
1158
1510
1144
1159
1511
1145
1160
1512
1146
1161
1513
1147
1162
1514
1148
1163
1515
1149
1164
1516
1150
1165
1517
1151
1166
1518
1152
1167
1519
1153
1168
1520
1154
1169
1521
1155
1170
1522
1156
1171
1523
1157
1172
1524
1173
1525
1159
1175
1527
1160
1176
1528
1161
1177
1529
1162
1178
1530
1163
1179
1531
1164
1180
1532
1165
1181
1533
1166
1182
1534
1167
1183
1535
1168
1184
1536
1169
1185
1537
1170
1186
1538
1171
1187
1539
1172
1188
1540
1173
1189
1541
1190
1542
1175
1193
1545
1176
1194
1546
1177
1195
1547
1178
1196
1548
1179
1197
1549
1180
1198
1550
1181
1199
1551
1182
1200
1552
1183
1201
1553
1184
1202
1554
1185
1203
1555
1186
1204
1556
1187
1205
1557
1188
1206
1558
1189
1207
1559
1190
1208
1560
1191
1209
1561
1210
1562
1193
1212
1564
1194
1213
1565
1195
1214
1566
1196
1215
1567
1197
1216
1568
1198
1217
1569
1199
1218
1570
1200
1219
1571
1201
1220
1572
1202
1221
1573
1203
1222
1574
1204
1223
1575
1205
1224
1576
1206
1225
1577
1207
1226
1578
1208
1227
1579
1209
1228
1580
1210
1229
1581
1211
1230
1582
1231
1583
1213
1232
1585
1214
1233
1586
1215
1234
1587
1216
1235
1588
1217
1236
1589
1218
1237
1590
1219
1238
1591
1220
1239
1592
1221
1240
1593
1222
1241
1594
1223
1242
1595
1224
1243
1596
1225
1244
1597
1226
1245
1598
1227
1246
1599
1228
1247
1600
1229
1248
1601
1230
1249
1602
1231
1250
1603
1251
1604
1233
1253
1607
1234
1254
1608
1235
1255
1609
1236
1256
1610
1237
1257
1611
1238
1258
1612
1239
1259
1613
1240
1260
1614
1241
1261
1615
1242
1262
1616
1243
1263
1617
1244
1264
1618
1245
1265
1619
1246
1266
1620
1247
1267
1621
1248
1268
1622
1249
1269
1623
1250
1270
1624
1251
1271
1625
1272
1626
1253
1274
1628
1254
1275
1629
1255
1276
1630
1256
1277
1631
1257
1278
1632
1258
1279
1633
1259
1280
1634
1260
1281
1635
1261
1282
1636
1262
1283
1637
1263
1284
1638
1264
1285
1639
1265
1286
1640
1266
1287
1641
1267
1288
1642
1268
1289
1643
1269
1290
1644
1270
1291
1645
1271
1292
1646
1272
1293
1647
1273
1294
1648
1295
1649
1275
1296
1650
1276
1297
1651
1277
1298
1652
1278
1299
1653
1279
1300
1654
1280
1301
1655
1281
1302
1656
1282
1303
1657
1283
1304
1658
1284
1305
1659
1285
1306
1660
1286
1307
1661
1287
1308
1662
1288
1309
1663
1289
1310
1664
1290
1311
1665
1291
1312
1666
1292
1313
1667
1293
1314
1668
1294
1315
1669
1295
1316
1670
1317
1671
1297
1318
1672
1298
1319
1673
1299
1320
1674
1300
1321
1675
1301
1322
1676
1302
1323
1677
1303
1324
1678
1304
1325
1679
1305
1326
1680
1306
1327
1681
1307
1328
1682
1308
1329
1683
1309
1330
1684
1310
1331
1685
1311
1332
1686
1312
1333
1687
1313
1334
1688
1314
1335
1689
1315
1336
1690
1316
1337
1691
1317
1338
1692
1339
1693
1319
1694
1320
1340
1695
1321
1341
1696
1322
1342
1697
1323
1343
1698
1324
1344
1699
1325
1345
1700
1326
1346
1701
1327
1347
1702
1328
1348
1703
1329
1349
1704
1330
1350
1705
1331
1351
1706
1332
1352
1707
1333
1353
1708
1334
1354
1709
1335
1355
1710
1336
1356
1711
1337
1357
1712
1338
1358
1713
1339
1359
1714
1715
1341
1360
1717
1342
1361
1718
1343
1362
1719
1344
1363
1720
1345
1364
1721
1346
1365
1722
1347
1366
1723
1348
1367
1724
1349
1368
1725
1350
1369
1726
1351
1370
1727
1352
1371
1728
1353
1372
1729
1354
1373
1730
1355
1374
1731
1356
1375
1732
1357
1376
1733
1358
1377
1734
1359
1378
1735
1379
1736
1361
1380
1739
1362
1381
1740
1363
1382
1741
1364
1383
1742
1365
1384
1743
1366
1385
1744
1367
1386
1745
1368
1387
1746
1369
1388
1747
1370
1389
1748
1371
1390
1749
1372
1391
1750
1373
1392
1751
1374
1393
1752
1375
1394
1753
1376
1395
1754
1377
1396
1755
1378
1397
1756
1379
1398
1757
1399
1758
1381
1760
1382
1400
1761
1383
1401
1762
1384
1402
1763
1385
1403
1764
1386
1404
1765
1387
1405
1766
1388
1406
1767
1389
1407
1768
1390
1408
1769
1391
1409
1770
1392
1410
1771
1393
1411
1772
1394
1412
1773
1395
1413
1774
1396
1414
1775
1397
1415
1776
1398
1416
1777
1399
1417
1778
1779
1401
1781
1402
1418
1782
1403
1419
1783
1404
1420
1784
1405
1421
1785
1406
1422
1786
1407
1423
1787
1408
1424
1788
1409
1425
1789
1410
1426
1790
1411
1427
1791
1412
1428
1792
1413
1429
1793
1414
1430
1794
1415
1431
1795
1416
1432
1796
1417
1433
1797
1798
1419
1434
1801
1420
1435
1802
1421
1436
1803
1422
1437
1804
1423
1438
1805
1424
1439
1806
1425
1440
1807
1426
1441
1808
1427
1442
1809
1428
1443
1810
1429
1444
1811
1430
1445
1812
1431
1446
1813
1432
1447
1814
1433
1448
1815
1449
1816
1435
1818
1436
1819
1437
1450
1820
1438
1451
1821
1439
1452
1822
1440
1453
1823
1441
1454
1824
1442
1455
1825
1443
1456
1826
1444
1457
1827
1445
1458
1828
1446
1459
1829
1447
1460
1830
1448
1461
1831
1449
1832
1833
1451
1835
1452
1462
1836
1453
1463
1837
1454
1464
1838
1455
1465
1839
1456
1466
1840
1457
1467
1841
1458
1468
1842
1459
1469
1843
1460
1470
1844
1461
1471
1845
1846
1463
1849
1464
1850
1465
1851
1466
1472
1852
1467
1473
1853
1468
1474
1854
1469
1475
1855
1470
1856
1471
1857
1858
1473
1862
1474
1863
1475
1864
1865
1477
1486
1869
1478
1487
1870
1479
1488
1871
1480
1489
1872
1481
1490
1873
1482
1491
1874
1483
1492
1875
1493
1876
1485
1497
1878
1486
1498
1879
1487
1499
1880
1488
1500
1881
1489
1501
1882
1490
1502
1883
1491
1503
1884
1492
1504
1885
1493
1505
1886
1494
1506
1887
1495
1507
1888
1508
1889
1497
1511
1891
1498
1512
1892
1499
1513
1893
1500
1514
1894
1501
1515
1895
1502
1516
1896
1503
1517
1897
1504
1518
1898
1505
1519
1899
1506
1520
1900
1507
1521
1901
1508
1522
1902
1509
1523
1903
1524
1904
1511
1527
1907
1512
1528
1908
1513
1529
1909
1514
1530
1910
1515
1531
1911
1516
1532
1912
1517
1533
1913
1518
1534
1914
1519
1535
1915
1520
1536
1916
1521
1537
1917
1522
1538
1918
1523
1539
1919
1524
1540
1920
1525
1541
1921
1542
1922
1527
1545
1924
1528
1546
1925
1529
1547
1926
1530
1548
1927
1531
1549
1928
1532
1550
1929
1533
1551
1930
1534
1552
1931
1535
1553
1932
1536
1554
1933
1537
1555
1934
1538
1556
1935
1539
1557
1936
1540
1558
1937
1541
1559
1938
1542
1560
1939
1543
1561
1940
1562
1941
1545
1564
1942
1546
1565
1943
1547
1566
1944
1548
1567
1945
1549
1568
1946
1550
1569
1947
1551
1570
1948
1552
1571
1949
1553
1572
1950
1554
1573
1951
1555
1574
1952
1556
1575
1953
1557
1576
1954
1558
1577
1955
1559
1578
1956
1560
1579
1957
1561
1580
1958
1562
1581
1959
1563
1582
1960
1583
1961
1565
1585
1963
1566
1586
1964
1567
1587
1965
1568
1588
1966
1569
1589
1967
1570
1590
1968
1571
1591
1969
1572
1592
1970
1573
1593
1971
1574
1594
1972
1575
1595
1973
1576
1596
1974
1577
1597
1975
1578
1598
1976
1579
1599
1977
1580
1600
1978
1581
1601
1979
1582
1602
1980
1583
1603
1981
1604
1982
1585
1606
1984
1586
1607
1985
1587
1608
1986
1588
1609
1987
1589
1610
1988
1590
1611
1989
1591
1612
1990
1592
1613
1991
1593
1614
1992
1594
1615
1993
1595
1616
1994
1596
1617
1995
1597
1618
1996
1598
1619
1997
1599
1620
1998
1600
1621
1999
1601
1622
2000
1602
1623
2001
1603
1624
2002
1604
1625
2003
1605
1626
2004
1627
2005
1607
1628
2006
1608
1629
2007
1609
1630
2008
1610
1631
2009
1611
1632
2010
1612
1633
2011
1613
1634
2012
1614
1635
2013
1615
1636
2014
1616
1637
2015
1617
1638
2016
1618
1639
2017
1619
1640
2018
1620
1641
2019
1621
1642
2020
1622
1643
2021
1623
1644
2022
1624
1645
2023
1625
1646
2024
1626
1647
2025
1627
1648
2026
1649
2027
1629
1650
2028
1630
1651
2029
1631
1652
2030
1632
1653
2031
1633
1654
2032
1634
1655
2033
1635
1656
2034
1636
1657
2035
1637
1658
2036
1638
1659
2037
1639
1660
2038
1640
1661
2039
1641
1662
2040
1642
1663
2041
1643
1664
2042
1644
1665
2043
1645
1666
2044
1646
1667
2045
1647
1668
2046
1648
1669
2047
1649
1670
2048
1671
2049
1651
1672
2050
1652
1673
2051
1653
1674
2052
1654
1675
2053
1655
1676
2054
1656
1677
2055
1657
1678
2056
1658
1679
2057
1659
1680
2058
1660
1681
2059
1661
1682
2060
1662
1683
2061
1663
1684
2062
1664
1685
2063
1665
1686
2064
1666
1687
2065
1667
1688
2066
1668
1689
2067
1669
1690
2068
1670
1691
2069
1671
1692
2070
1693
2071
1673
1694
2072
1674
1695
2073
1675
1696
2074
1676
1697
2075
1677
1698
2076
1678
1699
2077
1679
1700
2078
1680
1701
2079
1681
1702
2080
1682
1703
2081
1683
1704
2082
1684
1705
2083
1685
1706
2084
1686
1707
2085
1687
1708
2086
1688
1709
2087
1689
1710
2088
1690
1711
2089
1691
1712
2090
1692
1713
2091
1693
1714
2092
1715
2093
1695
1716
2094
1696
1717
2095
1697
1718
2096
1698
1719
2097
1699
1720
2098
1700
1721
2099
1701
1722
2100
1702
1723
2101
1703
1724
2102
1704
1725
2103
1705
1726
2104
1706
1727
2105
1707
1728
2106
1708
1729
2107
1709
1730
2108
1710
1731
2109
1711
1732
2110
1712
1733
2111
1713
1734
2112
1714
1735
2113
1715
1736
2114
1737
2115
1717
1738
2116
1718
1739
2117
1719
1740
2118
1720
1741
2119
1721
1742
2120
1722
1743
2121
1723
1744
2122
1724
1745
2123
1725
1746
2124
1726
1747
2125
1727
1748
2126
1728
1749
2127
1729
1750
2128
1730
1751
2129
1731
1752
2130
1732
1753
2131
1733
1754
2132
1734
1755
2133
1735
1756
2134
1736
1757
2135
1737
1758
2136
1759
2137
1739
2138
1740
1760
2139
1741
1761
2140
1742
1762
2141
1743
1763
2142
1744
1764
2143
1745
1765
2144
1746
1766
2145
1747
1767
2146
1748
1768
2147
1749
1769
2148
1750
1770
2149
1751
1771
2150
1752
1772
2151
1753
1773
2152
1754
1774
2153
1755
1775
2154
1756
1776
2155
1757
1777
2156
1758
1778
2157
1759
1779
2158
2159
1761
1780
2161
1762
1781
2162
1763
1782
2163
1764
1783
2164
1765
1784
2165
1766
1785
2166
1767
1786
2167
1768
1787
2168
1769
1788
2169
1770
1789
2170
1771
1790
2171
1772
1791
2172
1773
1792
2173
1774
1793
2174
1775
1794
2175
1776
1795
2176
1777
1796
2177
1778
1797
2178
1779
1798
2179
1799
2180
1781
2182
1782
1800
2183
1783
1801
2184
1784
1802
2185
1785
1803
2186
1786
1804
2187
1787
1805
2188
1788
1806
2189
1789
1807
2190
1790
1808
2191
1791
1809
2192
1792
1810
2193
1793
1811
2194
1794
1812
2195
1795
1813
2196
1796
1814
2197
1797
1815
2198
1798
1816
2199
1799
1817
2200
2201
1801
2202
1802
1818
2203
1803
1819
2204
1804
1820
2205
1805
1821
2206
1806
1822
2207
1807
1823
2208
1808
1824
2209
1809
1825
2210
1810
1826
2211
1811
1827
2212
1812
1828
2213
1813
1829
2214
1814
1830
2215
1815
1831
2216
1816
1832
2217
1817
1833
2218
2219
1819
2221
1820
1834
2222
1821
1835
2223
1822
1836
2224
1823
1837
2225
1824
1838
2226
1825
1839
2227
1826
1840
2228
1827
1841
2229
1828
1842
2230
1829
1843
2231
1830
1844
2232
1831
1845
2233
1832
1846
2234
1833
1847
2235
2236
1835
2239
1836
1848
2240
1837
1849
2241
1838
1850
2242
1839
1851
2243
1840
1852
2244
1841
1853
2245
1842
1854
2246
1843
1855
2247
1844
1856
2248
1845
1857
2249
1846
1858
2250
1847
1859
2251
2252
1849
2254
1850
2255
1851
1860
2256
1852
1861
2257
1853
1862
2258
1854
1863
2259
1855
1864
2260
1856
1865
2261
1857
1866
2262
1858
1867
2263
1859
2264
2265
1861
2267
1862
2268
1863
2269
1864
2270
1865
2271
1866
2272
1867
2273
2274
1869
1879
2280
1870
1880
2281
1871
1881
2282
1872
1882
2283
1873
1883
2284
1874
1884
2285
1875
1885
2286
1876
1886
2287
1877
1887
2288
1888
2289
1879
1892
2291
1880
1893
2292
1881
1894
2293
1882
1895
2294
1883
1896
2295
1884
1897
2296
1885
1898
2297
1886
1899
2298
1887
1900
2299
1888
1901
2300
1889
1902
2301
1903
2302
1891
1907
2304
1892
1908
2305
1893
1909
2306
1894
1910
2307
1895
1911
2308
1896
1912
2309
1897
1913
2310
1898
1914
2311
1899
1915
2312
1900
1916
2313
1901
1917
2314
1902
1918
2315
1903
1919
2316
1904
1920
2317
1905
1921
2318
1922
2319
1907
1924
2320
1908
1925
2321
1909
1926
2322
1910
1927
2323
1911
1928
2324
1912
1929
2325
1913
1930
2326
1914
1931
2327
1915
1932
2328
1916
1933
2329
1917
1934
2330
1918
1935
2331
1919
1936
2332
1920
1937
2333
1921
1938
2334
1922
1939
2335
1923
1940
2336
1941
2337
1925
1943
2339
1926
1944
2340
1927
1945
2341
1928
1946
2342
1929
1947
2343
1930
1948
2344
1931
1949
2345
1932
1950
2346
1933
1951
2347
1934
1952
2348
1935
1953
2349
1936
1954
2350
1937
1955
2351
1938
1956
2352
1939
1957
2353
1940
1958
2354
1941
1959
2355
1960
2356
1943
1963
2358
1944
1964
2359
1945
1965
2360
1946
1966
2361
1947
1967
2362
1948
1968
2363
1949
1969
2364
1950
1970
2365
1951
1971
2366
1952
1972
2367
1953
1973
2368
1954
1974
2369
1955
1975
2370
1956
1976
2371
1957
1977
2372
1958
1978
2373
1959
1979
2374
1960
1980
2375
1961
1981
2376
1982
2377
1963
1984
2378
1964
1985
2379
1965
1986
2380
1966
1987
2381
1967
1988
2382
1968
1989
2383
1969
1990
2384
1970
1991
2385
1971
1992
2386
1972
1993
2387
1973
1994
2388
1974
1995
2389
1975
1996
2390
1976
1997
2391
1977
1998
2392
1978
1999
2393
1979
2000
2394
1980
2001
2395
1981
2002
2396
1982
2003
2397
1983
2004
2398
2005
2399
1985
2006
2400
1986
2007
2401
1987
2008
2402
1988
2009
2403
1989
2010
2404
1990
2011
2405
1991
2012
2406
1992
2013
2407
1993
2014
2408
1994
2015
2409
1995
2016
2410
1996
2017
2411
1997
2018
2412
1998
2019
2413
1999
2020
2414
2000
2021
2415
2001
2022
2416
2002
2023
2417
2003
2024
2418
2004
2025
2419
2005
2026
2420
2027
2421
2007
2028
2422
2008
2029
2423
2009
2030
2424
2010
2031
2425
2011
2032
2426
2012
2033
2427
2013
2034
2428
2014
2035
2429
2015
2036
2430
2016
2037
2431
2017
2038
2432
2018
2039
2433
2019
2040
2434
2020
2041
2435
2021
2042
2436
2022
2043
2437
2023
2044
2438
2024
2045
2439
2025
2046
2440
2026
2047
2441
2027
2048
2442
2049
2443
2029
2050
2445
2030
2051
2446
2031
2052
2447
2032
2053
2448
2033
2054
2449
2034
2055
2450
2035
2056
2451
2036
2057
2452
2037
2058
2453
2038
2059
2454
2039
2060
2455
2040
2061
2456
2041
2062
2457
2042
2063
2458
2043
2064
2459
2044
2065
2460
2045
2066
2461
2046
2067
2462
2047
2068
2463
2048
2069
2464
2049
2070
2465
2071
2466
2051
2072
2469
2052
2073
2470
2053
2074
2471
2054
2075
2472
2055
2076
2473
2056
2077
2474
2057
2078
2475
2058
2079
2476
2059
2080
2477
2060
2081
2478
2061
2082
2479
2062
2083
2480
2063
2084
2481
2064
2085
2482
2065
2086
2483
2066
2087
2484
2067
2088
2485
2068
2089
2486
2069
2090
2487
2070
2091
2488
2071
2092
2489
2093
2490
2073
2094
2493
2074
2095
2494
2075
2096
2495
2076
2097
2496
2077
2098
2497
2078
2099
2498
2079
2100
2499
2080
2101
2500
2081
2102
2501
2082
2103
2502
2083
2104
2503
2084
2105
2504
2085
2106
2505
2086
2107
2506
2087
2108
2507
2088
2109
2508
2089
2110
2509
2090
2111
2510
2091
2112
2511
2092
2113
2512
2093
2114
2513
2115
2514
2095
2116
2517
2096
2117
2518
2097
2118
2519
2098
2119
2520
2099
2120
2521
2100
2121
2522
2101
2122
2523
2102
2123
2524
2103
2124
2525
2104
2125
2526
2105
2126
2527
2106
2127
2528
2107
2128
2529
2108
2129
2530
2109
2130
2531
2110
2131
2532
2111
2132
2533
2112
2133
2534
2113
2134
2535
2114
2135
2536
2115
2136
2537
2137
2538
2117
2138
2540
2118
2139
2541
2119
2140
2542
2120
2141
2543
2121
2142
2544
2122
2143
2545
2123
2144
2546
2124
2145
2547
2125
2146
2548
2126
2147
2549
2127
2148
2550
2128
2149
2551
2129
2150
2552
2130
2151
2553
2131
2152
2554
2132
2153
2555
2133
2154
2556
2134
2155
2557
2135
2156
2558
2136
2157
2559
2137
2158
2560
2159
2561
2139
2160
2562
2140
2161
2563
2141
2162
2564
2142
2163
2565
2143
2164
2566
2144
2165
2567
2145
2166
2568
2146
2167
2569
2147
2168
2570
2148
2169
2571
2149
2170
2572
2150
2171
2573
2151
2172
2574
2152
2173
2575
2153
2174
2576
2154
2175
2577
2155
2176
2578
2156
2177
2579
2157
2178
2580
2158
2179
2581
2159
2180
2582
2181
2583
2161
2584
2162
2182
2585
2163
2183
2586
2164
2184
2587
2165
2185
2588
2166
2186
2589
2167
2187
2590
2168
2188
2591
2169
2189
2592
2170
2190
2593
2171
2191
2594
2172
2192
2595
2173
2193
2596
2174
2194
2597
2175
2195
2598
2176
2196
2599
2177
2197
2600
2178
2198
2601
2179
2199
2602
2180
2200
2603
2181
2201
2604
2605
2183
2606
2184
2202
2607
2185
2203
2608
2186
2204
2609
2187
2205
2610
2188
2206
2611
2189
2207
2612
2190
2208
2613
2191
2209
2614
2192
2210
2615
2193
2211
2616
2194
2212
2617
2195
2213
2618
2196
2214
2619
2197
2215
2620
2198
2216
2621
2199
2217
2622
2200
2218
2623
2201
2219
2624
2625
2203
2220
2627
2204
2221
2628
2205
2222
2629
2206
2223
2630
2207
2224
2631
2208
2225
2632
2209
2226
2633
2210
2227
2634
2211
2228
2635
2212
2229
2636
2213
2230
2637
2214
2231
2638
2215
2232
2639
2216
2233
2640
2217
2234
2641
2218
2235
2642
2219
2236
2643
2237
2644
2221
2646
2222
2238
2647
2223
2239
2648
2224
2240
2649
2225
2241
2650
2226
2242
2651
2227
2243
2652
2228
2244
2653
2229
2245
2654
2230
2246
2655
2231
2247
2656
2232
2248
2657
2233
2249
2658
2234
2250
2659
2235
2251
2660
2236
2252
2661
2237
2253
2662
2663
2239
2664
2240
2665
2241
2254
2666
2242
2255
2667
2243
2256
2668
2244
2257
2669
2245
2258
2670
2246
2259
2671
2247
2260
2672
2248
2261
2673
2249
2262
2674
2250
2263
2675
2251
2264
2676
2252
2265
2677
2253
2678
2679
2255
2681
2256
2266
2682
2257
2267
2683
2258
2268
2684
2259
2269
2685
2260
2270
2686
2261
2271
2687
2262
2272
2688
2263
2273
2689
2264
2274
2690
2265
2275
2691
2692
2267
2694
2268
2695
2269
2696
2270
2697
2271
2698
2272
2699
2273
2700
2274
2701
2275
2702
2703
2277
2283
2709
2278
2284
2710
2279
2285
2711
2286
2712
2281
2292
2715
2282
2293
2716
2283
2294
2717
2284
2295
2718
2285
2296
2719
2286
2297
2720
2287
2298
2721
2288
2299
2722
2289
2300
2723
2301
2724
2291
2305
2726
2292
2306
2727
2293
2307
2728
2294
2308
2729
2295
2309
2730
2296
2310
2731
2297
2311
2732
2298
2312
2733
2299
2313
2734
2300
2314
2735
2301
2315
2736
2302
2316
2737
2303
2317
2738
2318
2739
2305
2321
2740
2306
2322
2741
2307
2323
2742
2308
2324
2743
2309
2325
2744
2310
2326
2745
2311
2327
2746
2312
2328
2747
2313
2329
2748
2314
2330
2749
2315
2331
2750
2316
2332
2751
2317
2333
2752
2318
2334
2753
2319
2335
2754
2336
2755
2321
2339
2756
2322
2340
2757
2323
2341
2758
2324
2342
2759
2325
2343
2760
2326
2344
2761
2327
2345
2762
2328
2346
2763
2329
2347
2764
2330
2348
2765
2331
2349
2766
2332
2350
2767
2333
2351
2768
2334
2352
2769
2335
2353
2770
2336
2354
2771
2337
2355
2772
2356
2773
2339
2358
2774
2340
2359
2775
2341
2360
2776
2342
2361
2777
2343
2362
2778
2344
2363
2779
2345
2364
2780
2346
2365
2781
2347
2366
2782
2348
2367
2783
2349
2368
2784
2350
2369
2785
2351
2370
2786
2352
2371
2787
2353
2372
2788
2354
2373
2789
2355
2374
2790
2356
2375
2791
2357
2376
2792
2377
2793
2359
2379
2795
2360
2380
2796
2361
2381
2797
2362
2382
2798
2363
2383
2799
2364
2384
2800
2365
2385
2801
2366
2386
2802
2367
2387
2803
2368
2388
2804
2369
2389
2805
2370
2390
2806
2371
2391
2807
2372
2392
2808
2373
2393
2809
2374
2394
2810
2375
2395
2811
2376
2396
2812
2377
2397
2813
2398
2814
2379
2400
2816
2380
2401
2817
2381
2402
2818
2382
2403
2819
2383
2404
2820
2384
2405
2821
2385
2406
2822
2386
2407
2823
2387
2408
2824
2388
2409
2825
2389
2410
2826
2390
2411
2827
2391
2412
2828
2392
2413
2829
2393
2414
2830
2394
2415
2831
2395
2416
2832
2396
2417
2833
2397
2418
2834
2398
2419
2835
2399
2420
2836
2421
2837
2401
2422
2838
2402
2423
2839
2403
2424
2840
2404
2425
2841
2405
2426
2842
2406
2427
2843
2407
2428
2844
2408
2429
2845
2409
2430
2846
2410
2431
2847
2411
2432
2848
2412
2433
2849
2413
2434
2850
2414
2435
2851
2415
2436
2852
2416
2437
2853
2417
2438
2854
2418
2439
2855
2419
2440
2856
2420
2441
2857
2421
2442
2858
2443
2859
2423
2445
2861
2424
2446
2862
2425
2447
2863
2426
2448
2864
2427
2449
2865
2428
2450
2866
2429
2451
2867
2430
2452
2868
2431
2453
2869
2432
2454
2870
2433
2455
2871
2434
2456
2872
2435
2457
2873
2436
2458
2874
2437
2459
2875
2438
2460
2876
2439
2461
2877
2440
2462
2878
2441
2463
2879
2442
2464
2880
2443
2465
2881
2466
2882
2445
2468
2884
2446
2469
2885
2447
2470
2886
2448
2471
2887
2449
2472
2888
2450
2473
2889
2451
2474
2890
2452
2475
2891
2453
2476
2892
2454
2477
2893
2455
2478
2894
2456
2479
2895
2457
2480
2896
2458
2481
2897
2459
2482
2898
2460
2483
2899
2461
2484
2900
2462
2485
2901
2463
2486
2902
2464
2487
2903
2465
2488
2904
2466
2489
2905
2467
2490
2906
2491
2907
2469
2492
2908
2470
2493
2909
2471
2494
2910
2472
2495
2911
2473
2496
2912
2474
2497
2913
2475
2498
2914
2476
2499
2915
2477
2500
2916
2478
2501
2917
2479
2502
2918
2480
2503
2919
2481
2504
2920
2482
2505
2921
2483
2506
2922
2484
2507
2923
2485
2508
2924
2486
2509
2925
2487
2510
2926
2488
2511
2927
2489
2512
2928
2490
2513
2929
2491
2514
2930
2515
2931
2493
2516
2932
2494
2517
2933
2495
2518
2934
2496
2519
2935
2497
2520
2936
2498
2521
2937
2499
2522
2938
2500
2523
2939
2501
2524
2940
2502
2525
2941
2503
2526
2942
2504
2527
2943
2505
2528
2944
2506
2529
2945
2507
2530
2946
2508
2531
2947
2509
2532
2948
2510
2533
2949
2511
2534
2950
2512
2535
2951
2513
2536
2952
2514
2537
2953
2515
2538
2954
2539
2955
2517
2956
2518
2540
2957
2519
2541
2958
2520
2542
2959
2521
2543
2960
2522
2544
2961
2523
2545
2962
2524
2546
2963
2525
2547
2964
2526
2548
2965
2527
2549
2966
2528
2550
2967
2529
2551
2968
2530
2552
2969
2531
2553
2970
2532
2554
2971
2533
2555
2972
2534
2556
2973
2535
2557
2974
2536
2558
2975
2537
2559
2976
2538
2560
2977
2539
2561
2978
2979
2541
2562
2981
2542
2563
2982
2543
2564
2983
2544
2565
2984
2545
2566
2985
2546
2567
2986
2547
2568
2987
2548
2569
2988
2549
2570
2989
2550
2571
2990
2551
2572
2991
2552
2573
2992
2553
2574
2993
2554
2575
2994
2555
2576
2995
2556
2577
2996
2557
2578
2997
2558
2579
2998
2559
2580
2999
2560
2581
3000
2561
2582
3001
2583
3002
2563
2584
3004
2564
2585
3005
2565
2586
3006
2566
2587
3007
2567
2588
3008
2568
2589
3009
2569
2590
3010
2570
2591
3011
2571
2592
3012
2572
2593
3013
2573
2594
3014
2574
2595
3015
2575
2596
3016
2576
2597
3017
2577
2598
3018
2578
2599
3019
2579
2600
3020
2580
2601
3021
2581
2602
3022
2582
2603
3023
2583
2604
3024
2605
3025
2585
3026
2586
2606
3027
2587
2607
3028
2588
2608
3029
2589
2609
3030
2590
2610
3031
2591
2611
3032
2592
2612
3033
2593
2613
3034
2594
2614
3035
2595
2615
3036
2596
2616
3037
2597
2617
3038
2598
2618
3039
2599
2619
3040
2600
2620
3041
2601
2621
3042
2602
2622
3043
2603
2623
3044
2604
2624
3045
2605
2625
3046
3047
2607
2626
3049
2608
2627
3050
2609
2628
3051
2610
2629
3052
2611
2630
3053
2612
2631
3054
2613
2632
3055
2614
2633
3056
2615
2634
3057
2616
2635
3058
2617
2636
3059
2618
2637
3060
2619
2638
3061
2620
2639
3062
2621
2640
3063
2622
2641
3064
2623
2642
3065
2624
2643
3066
2625
2644
3067
2645
3068
2627
3070
2628
2646
3071
2629
2647
3072
2630
2648
3073
2631
2649
3074
2632
2650
3075
2633
2651
3076
2634
2652
3077
2635
2653
3078
2636
2654
3079
2637
2655
3080
2638
2656
3081
2639
2657
3082
2640
2658
3083
2641
2659
3084
2642
2660
3085
2643
2661
3086
2644
2662
3087
2645
2663
3088
3089
2647
3090
2648
2664
3091
2649
2665
3092
2650
2666
3093
2651
2667
3094
2652
2668
3095
2653
2669
3096
2654
2670
3097
2655
2671
3098
2656
2672
3099
2657
2673
3100
2658
2674
3101
2659
2675
3102
2660
2676
3103
2661
2677
3104
2662
2678
3105
2663
2679
3106
3107
2665
3108
2666
2680
3109
2667
2681
3110
2668
2682
3111
2669
2683
3112
2670
2684
3113
2671
2685
3114
2672
2686
3115
2673
2687
3116
2674
2688
3117
2675
2689
3118
2676
2690
3119
2677
2691
3120
2678
2692
3121
2679
2693
3122
3123
2681
3124
2682
3125
2683
2694
3126
2684
2695
3127
2685
2696
3128
2686
2697
3129
2687
2698
3130
2688
2699
3131
2689
2700
3132
2690
2701
3133
2691
2702
3134
2692
2703
3135
2693
3136
3137
2695
3139
2696
3140
2697
3141
2698
2704
3142
2699
2705
3143
2700
2706
3144
2701
2707
3145
2702
3146
2703
3147
3148
2705
3151
2706
3152
2707
3153
3154
2709
2717
3156
2710
2718
3157
2711
2719
3158
2712
2720
3159
2713
2721
3160
2722
3161
2715
2727
3162
2716
2728
3163
2717
2729
3164
2718
2730
3165
2719
2731
3166
2720
2732
3167
2721
2733
3168
2722
2734
3169
2723
2735
3170
2724
2736
3171
2725
2737
3172
2738
3173
2727
2741
3174
2728
2742
3175
2729
2743
3176
2730
2744
3177
2731
2745
3178
2732
2746
3179
2733
2747
3180
2734
2748
3181
2735
2749
3182
2736
2750
3183
2737
2751
3184
2738
2752
3185
2739
2753
3186
2754
3187
2741
2757
3188
2742
2758
3189
2743
2759
3190
2744
2760
3191
2745
2761
3192
2746
2762
3193
2747
2763
3194
2748
2764
3195
2749
2765
3196
2750
2766
3197
2751
2767
3198
2752
2768
3199
2753
2769
3200
2754
2770
3201
2755
2771
3202
2772
3203
2757
2775
3204
2758
2776
3205
2759
2777
3206
2760
2778
3207
2761
2779
3208
2762
2780
3209
2763
2781
3210
2764
2782
3211
2765
2783
3212
2766
2784
3213
2767
2785
3214
2768
2786
3215
2769
2787
3216
2770
2788
3217
2771
2789
3218
2772
2790
3219
2773
2791
3220
2792
3221
2775
2795
3222
2776
2796
3223
2777
2797
3224
2778
2798
3225
2779
2799
3226
2780
2800
3227
2781
2801
3228
2782
2802
3229
2783
2803
3230
2784
2804
3231
2785
2805
3232
2786
2806
3233
2787
2807
3234
2788
2808
3235
2789
2809
3236
2790
2810
3237
2791
2811
3238
2792
2812
3239
2793
2813
3240
2814
3241
2795
2816
3242
2796
2817
3243
2797
2818
3244
2798
2819
3245
2799
2820
3246
2800
2821
3247
2801
2822
3248
2802
2823
3249
2803
2824
3250
2804
2825
3251
2805
2826
3252
2806
2827
3253
2807
2828
3254
2808
2829
3255
2809
2830
3256
2810
2831
3257
2811
2832
3258
2812
2833
3259
2813
2834
3260
2814
2835
3261
2815
2836
3262
2837
3263
2817
2838
3264
2818
2839
3265
2819
2840
3266
2820
2841
3267
2821
2842
3268
2822
2843
3269
2823
2844
3270
2824
2845
3271
2825
2846
3272
2826
2847
3273
2827
2848
3274
2828
2849
3275
2829
2850
3276
2830
2851
3277
2831
2852
3278
2832
2853
3279
2833
2854
3280
2834
2855
3281
2835
2856
3282
2836
2857
3283
2837
2858
3284
2859
3285
2839
2861
3286
2840
2862
3287
2841
2863
3288
2842
2864
3289
2843
2865
3290
2844
2866
3291
2845
2867
3292
2846
2868
3293
2847
2869
3294
2848
2870
3295
2849
2871
3296
2850
2872
3297
2851
2873
3298
2852
2874
3299
2853
2875
3300
2854
2876
3301
2855
2877
3302
2856
2878
3303
2857
2879
3304
2858
2880
3305
2859
2881
3306
2882
3307
2861
2884
3308
2862
2885
3309
2863
2886
3310
2864
2887
3311
2865
2888
3312
2866
2889
3313
2867
2890
3314
2868
2891
3315
2869
2892
3316
2870
2893
3317
2871
2894
3318
2872
2895
3319
2873
2896
3320
2874
2897
3321
2875
2898
3322
2876
2899
3323
2877
2900
3324
2878
2901
3325
2879
2902
3326
2880
2903
3327
2881
2904
3328
2882
2905
3329
2883
2906
3330
2907
3331
2885
2908
3332
2886
2909
3333
2887
2910
3334
2888
2911
3335
2889
2912
3336
2890
2913
3337
2891
2914
3338
2892
2915
3339
2893
2916
3340
2894
2917
3341
2895
2918
3342
2896
2919
3343
2897
2920
3344
2898
2921
3345
2899
2922
3346
2900
2923
3347
2901
2924
3348
2902
2925
3349
2903
2926
3350
2904
2927
3351
2905
2928
3352
2906
2929
3353
2907
2930
3354
2931
3355
2909
2932
3356
2910
2933
3357
2911
2934
3358
2912
2935
3359
2913
2936
3360
2914
2937
3361
2915
2938
3362
2916
2939
3363
2917
2940
3364
2918
2941
3365
2919
2942
3366
2920
2943
3367
2921
2944
3368
2922
2945
3369
2923
2946
3370
2924
2947
3371
2925
2948
3372
2926
2949
3373
2927
2950
3374
2928
2951
3375
2929
2952
3376
2930
2953
3377
2931
2954
3378
2955
3379
2933
2956
3380
2934
2957
3381
2935
2958
3382
2936
2959
3383
2937
2960
3384
2938
2961
3385
2939
2962
3386
2940
2963
3387
2941
2964
3388
2942
2965
3389
2943
2966
3390
2944
2967
3391
2945
2968
3392
2946
2969
3393
2947
2970
3394
2948
2971
3395
2949
2972
3396
2950
2973
3397
2951
2974
3398
2952
2975
3399
2953
2976
3400
2954
2977
3401
2955
2978
3402
2979
3403
2957
2980
3404
2958
2981
3405
2959
2982
3406
2960
2983
3407
2961
2984
3408
2962
2985
3409
2963
2986
3410
2964
2987
3411
2965
2988
3412
2966
2989
3413
2967
2990
3414
2968
2991
3415
2969
2992
3416
2970
2993
3417
2971
2994
3418
2972
2995
3419
2973
2996
3420
2974
2997
3421
2975
2998
3422
2976
2999
3423
2977
3000
3424
2978
3001
3425
2979
3002
3426
3003
3427
2981
3428
2982
3004
3429
2983
3005
3430
2984
3006
3431
2985
3007
3432
2986
3008
3433
2987
3009
3434
2988
3010
3435
2989
3011
3436
2990
3012
3437
2991
3013
3438
2992
3014
3439
2993
3015
3440
2994
3016
3441
2995
3017
3442
2996
3018
3443
2997
3019
3444
2998
3020
3445
2999
3021
3446
3000
3022
3447
3001
3023
3448
3002
3024
3449
3003
3025
3450
3451
3005
3026
3452
3006
3027
3453
3007
3028
3454
3008
3029
3455
3009
3030
3456
3010
3031
3457
3011
3032
3458
3012
3033
3459
3013
3034
3460
3014
3035
3461
3015
3036
3462
3016
3037
3463
3017
3038
3464
3018
3039
3465
3019
3040
3466
3020
3041
3467
3021
3042
3468
3022
3043
3469
3023
3044
3470
3024
3045
3471
3025
3046
3472
3047
3473
3027
3048
3474
3028
3049
3475
3029
3050
3476
3030
3051
3477
3031
3052
3478
3032
3053
3479
3033
3054
3480
3034
3055
3481
3035
3056
3482
3036
3057
3483
3037
3058
3484
3038
3059
3485
3039
3060
3486
3040
3061
3487
3041
3062
3488
3042
3063
3489
3043
3064
3490
3044
3065
3491
3045
3066
3492
3046
3067
3493
3047
3068
3494
3069
3495
3049
3496
3050
3070
3497
3051
3071
3498
3052
3072
3499
3053
3073
3500
3054
3074
3501
3055
3075
3502
3056
3076
3503
3057
3077
3504
3058
3078
3505
3059
3079
3506
3060
3080
3507
3061
3081
3508
3062
3082
3509
3063
3083
3510
3064
3084
3511
3065
3085
3512
3066
3086
3513
3067
3087
3514
3068
3088
3515
3069
3089
3516
3517
3071
3518
3072
3090
3519
3073
3091
3520
3074
3092
3521
3075
3093
3522
3076
3094
3523
3077
3095
3524
3078
3096
3525
3079
3097
3526
3080
3098
3527
3081
3099
3528
3082
3100
3529
3083
3101
3530
3084
3102
3531
3085
3103
3532
3086
3104
3533
3087
3105
3534
3088
3106
3535
3089
3107
3536
3537
3091
3538
3092
3108
3539
3093
3109
3540
3094
3110
3541
3095
3111
3542
3096
3112
3543
3097
3113
3544
3098
3114
3545
3099
3115
3546
3100
3116
3547
3101
3117
3548
3102
3118
3549
3103
3119
3550
3104
3120
3551
3105
3121
3552
3106
3122
3553
3107
3123
3554
3555
3109
3556
3110
3124
3557
3111
3125
3558
3112
3126
3559
3113
3127
3560
3114
3128
3561
3115
3129
3562
3116
3130
3563
3117
3131
3564
3118
3132
3565
3119
3133
3566
3120
3134
3567
3121
3135
3568
3122
3136
3569
3123
3137
3570
3571
3125
3572
3126
3138
3573
3127
3139
3574
3128
3140
3575
3129
3141
3576
3130
3142
3577
3131
3143
3578
3132
3144
3579
3133
3145
3580
3134
3146
3581
3135
3147
3582
3136
3148
3583
3137
3149
3584
3585
3139
3586
3140
3587
3141
3588
3142
3150
3589
3143
3151
3590
3144
3152
3591
3145
3153
3592
3146
3154
3593
3147
3155
3594
3148
3595
3149
3596
3597
3151
3598
3152
3599
3153
3600
3154
3601
3155
3602
3603
3157
3165
3604
3158
3166
3605
3159
3167
3606
3160
3168
3607
3161
3169
3608
3170
3609
3163
3175
3610
3164
3176
3611
3165
3177
3612
3166
3178
3613
3167
3179
3614
3168
3180
3615
3169
3181
3616
3170
3182
3617
3171
3183
3618
3172
3184
3619
3173
3185
3620
3186
3621
3175
3189
3622
3176
3190
3623
3177
3191
3624
3178
3192
3625
3179
3193
3626
3180
3194
3627
3181
3195
3628
3182
3196
3629
3183
3197
3630
3184
3198
3631
3185
3199
3632
3186
3200
3633
3187
3201
3634
3202
3635
3189
3205
3636
3190
3206
3637
3191
3207
3638
3192
3208
3639
3193
3209
3640
3194
3210
3641
3195
3211
3642
3196
3212
3643
3197
3213
3644
3198
3214
3645
3199
3215
3646
3200
3216
3647
3201
3217
3648
3202
3218
3649
3203
3219
3650
3220
3651
3205
3223
3652
3206
3224
3653
3207
3225
3654
3208
3226
3655
3209
3227
3656
3210
3228
3657
3211
3229
3658
3212
3230
3659
3213
3231
3660
3214
3232
3661
3215
3233
3662
3216
3234
3663
3217
3235
3664
3218
3236
3665
3219
3237
3666
3220
3238
3667
3221
3239
3668
3240
3669
3223
3243
3670
3224
3244
3671
3225
3245
3672
3226
3246
3673
3227
3247
3674
3228
3248
3675
3229
3249
3676
3230
3250
3677
3231
3251
3678
3232
3252
3679
3233
3253
3680
3234
3254
3681
3235
3255
3682
3236
3256
3683
3237
3257
3684
3238
3258
3685
3239
3259
3686
3240
3260
3687
3241
3261
3688
3262
3689
3243
3264
3690
3244
3265
3691
3245
3266
3692
3246
3267
3693
3247
3268
3694
3248
3269
3695
3249
3270
3696
3250
3271
3697
3251
3272
3698
3252
3273
3699
3253
3274
3700
3254
3275
3701
3255
3276
3702
3256
3277
3703
3257
3278
3704
3258
3279
3705
3259
3280
3706
3260
3281
3707
3261
3282
3708
3262
3283
3709
3263
3284
3710
3285
3711
3265
3286
3712
3266
3287
3713
3267
3288
3714
3268
3289
3715
3269
3290
3716
3270
3291
3717
3271
3292
3718
3272
3293
3719
3273
3294
3720
3274
3295
3721
3275
3296
3722
3276
3297
3723
3277
3298
3724
3278
3299
3725
3279
3300
3726
3280
3301
3727
3281
3302
3728
3282
3303
3729
3283
3304
3730
3284
3305
3731
3285
3306
3732
3307
3733
3287
3309
3734
3288
3310
3735
3289
3311
3736
3290
3312
3737
3291
3313
3738
3292
3314
3739
3293
3315
3740
3294
3316
3741
3295
3317
3742
3296
3318
3743
3297
3319
3744
3298
3320
3745
3299
3321
3746
3300
3322
3747
3301
3323
3748
3302
3324
3749
3303
3325
3750
3304
3326
3751
3305
3327
3752
3306
3328
3753
3307
3329
3754
3330
3755
3309
3332
3756
3310
3333
3757
3311
3334
3758
3312
3335
3759
3313
3336
3760
3314
3337
3761
3315
3338
3762
3316
3339
3763
3317
3340
3764
3318
3341
3765
3319
3342
3766
3320
3343
3767
3321
3344
3768
3322
3345
3769
3323
3346
3770
3324
3347
3771
3325
3348
3772
3326
3349
3773
3327
3350
3774
3328
3351
3775
3329
3352
3776
3330
3353
3777
3331
3354
3778
3355
3779
3333
3356
3780
3334
3357
3781
3335
3358
3782
3336
3359
3783
3337
3360
3784
3338
3361
3785
3339
3362
3786
3340
3363
3787
3341
3364
3788
3342
3365
3789
3343
3366
3790
3344
3367
3791
3345
3368
3792
3346
3369
3793
3347
3370
3794
3348
3371
3795
3349
3372
3796
3350
3373
3797
3351
3374
3798
3352
3375
3799
3353
3376
3800
3354
3377
3801
3355
3378
3802
3379
3803
3357
3380
3804
3358
3381
3805
3359
3382
3806
3360
3383
3807
3361
3384
3808
3362
3385
3809
3363
3386
3810
3364
3387
3811
3365
3388
3812
3366
3389
3813
3367
3390
3814
3368
3391
3815
3369
3392
3816
3370
3393
3817
3371
3394
3818
3372
3395
3819
3373
3396
3820
3374
3397
3821
3375
3398
3822
3376
3399
3823
3377
3400
3824
3378
3401
3825
3379
3402
3826
3403
3827
3381
3404
3828
3382
3405
3829
3383
3406
3830
3384
3407
3831
3385
3408
3832
3386
3409
3833
3387
3410
3834
3388
3411
3835
3389
3412
3836
3390
3413
3837
3391
3414
3838
3392
3415
3839
3393
3416
3840
3394
3417
3841
3395
3418
3842
3396
3419
3843
3397
3420
3844
3398
3421
3845
3399
3422
3846
3400
3423
3847
3401
3424
3848
3402
3425
3849
3403
3426
3850
3427
3851
3405
3428
3852
3406
3429
3853
3407
3430
3854
3408
3431
3855
3409
3432
3856
3410
3433
3857
3411
3434
3858
3412
3435
3859
3413
3436
3860
3414
3437
3861
3415
3438
3862
3416
3439
3863
3417
3440
3864
3418
3441
3865
3419
3442
3866
3420
3443
3867
3421
3444
3868
3422
3445
3869
3423
3446
3870
3424
3447
3871
3425
3448
3872
3426
3449
3873
3427
3450
3874
3451
3875
3429
3876
3430
3452
3877
3431
3453
3878
3432
3454
3879
3433
3455
3880
3434
3456
3881
3435
3457
3882
3436
3458
3883
3437
3459
3884
3438
3460
3885
3439
3461
3886
3440
3462
3887
3441
3463
3888
3442
3464
3889
3443
3465
3890
3444
3466
3891
3445
3467
3892
3446
3468
3893
3447
3469
3894
3448
3470
3895
3449
3471
3896
3450
3472
3897
3451
3473
3898
3899
3453
3474
3900
3454
3475
3901
3455
3476
3902
3456
3477
3903
3457
3478
3904
3458
3479
3905
3459
3480
3906
3460
3481
3907
3461
3482
3908
3462
3483
3909
3463
3484
3910
3464
3485
3911
3465
3486
3912
3466
3487
3913
3467
3488
3914
3468
3489
3915
3469
3490
3916
3470
3491
3917
3471
3492
3918
3472
3493
3919
3473
3494
3920
3495
3921
3475
3496
3922
3476
3497
3923
3477
3498
3924
3478
3499
3925
3479
3500
3926
3480
3501
3927
3481
3502
3928
3482
3503
3929
3483
3504
3930
3484
3505
3931
3485
3506
3932
3486
3507
3933
3487
3508
3934
3488
3509
3935
3489
3510
3936
3490
3511
3937
3491
3512
3938
3492
3513
3939
3493
3514
3940
3494
3515
3941
3495
3516
3942
3517
3943
3497
3944
3498
3518
3945
3499
3519
3946
3500
3520
3947
3501
3521
3948
3502
3522
3949
3503
3523
3950
3504
3524
3951
3505
3525
3952
3506
3526
3953
3507
3527
3954
3508
3528
3955
3509
3529
3956
3510
3530
3957
3511
3531
3958
3512
3532
3959
3513
3533
3960
3514
3534
3961
3515
3535
3962
3516
3536
3963
3517
3537
3964
3965
3519
3966
3520
3538
3967
3521
3539
3968
3522
3540
3969
3523
3541
3970
3524
3542
3971
3525
3543
3972
3526
3544
3973
3527
3545
3974
3528
3546
3975
3529
3547
3976
3530
3548
3977
3531
3549
3978
3532
3550
3979
3533
3551
3980
3534
3552
3981
3535
3553
3982
3536
3554
3983
3537
3555
3984
3985
3539
3986
3540
3556
3987
3541
3557
3988
3542
3558
3989
3543
3559
3990
3544
3560
3991
3545
3561
3992
3546
3562
3993
3547
3563
3994
3548
3564
3995
3549
3565
3996
3550
3566
3997
3551
3567
3998
3552
3568
3999
3553
3569
4000
3554
3570
4001
3555
3571
4002
4003
3557
4004
3558
3572
4005
3559
3573
4006
3560
3574
4007
3561
3575
4008
3562
3576
4009
3563
3577
4010
3564
3578
4011
3565
3579
4012
3566
3580
4013
3567
3581
4014
3568
3582
4015
3569
3583
4016
3570
3584
4017
3571
3585
4018
4019
3573
4020
3574
3586
4021
3575
3587
4022
3576
3588
4023
3577
3589
4024
3578
3590
4025
3579
3591
4026
3580
3592
4027
3581
3593
4028
3582
3594
4029
3583
3595
4030
3584
3596
4031
3585
3597
4032
4033
3587
4034
3588
4035
3589
4036
3590
3598
4037
3591
3599
4038
3592
3600
4039
3593
3601
4040
3594
3602
4041
3595
3603
4042
3596
4043
3597
4044
4045
3599
4046
3600
4047
3601
4048
3602
4049
3603
4050
4051
3605
3613
4052
3606
3614
4053
3607
3615
4054
3608
3616
4055
3609
3617
4056
3618
4057
3611
3623
4058
3612
3624
4059
3613
3625
4060
3614
3626
4061
3615
3627
4062
3616
3628
4063
3617
3629
4064
3618
3630
4065
3619
3631
4066
3620
3632
4067
3621
3633
4068
3634
4069
3623
3637
4070
3624
3638
4071
3625
3639
4072
3626
3640
4073
3627
3641
4074
3628
3642
4075
3629
3643
4076
3630
3644
4077
3631
3645
4078
3632
3646
4079
3633
3647
4080
3634
3648
4081
3635
3649
4082
3650
4083
3637
3653
4084
3638
3654
4085
3639
3655
4086
3640
3656
4087
3641
3657
4088
3642
3658
4089
3643
3659
4090
3644
3660
4091
3645
3661
4092
3646
3662
4093
3647
3663
4094
3648
3664
4095
3649
3665
4096
3650
3666
4097
3651
3667
4098
3668
4099
3653
3671
4100
3654
3672
4101
3655
3673
4102
3656
3674
4103
3657
3675
4104
3658
3676
4105
3659
3677
4106
3660
3678
4107
3661
3679
4108
3662
3680
4109
3663
3681
4110
3664
3682
4111
3665
3683
4112
3666
3684
4113
3667
3685
4114
3668
3686
4115
3669
3687
4116
3688
4117
3671
3691
4118
3672
3692
4119
3673
3693
4120
3674
3694
4121
3675
3695
4122
3676
3696
4123
3677
3697
4124
3678
3698
4125
3679
3699
4126
3680
3700
4127
3681
3701
4128
3682
3702
4129
3683
3703
4130
3684
3704
4131
3685
3705
4132
3686
3706
4133
3687
3707
4134
3688
3708
4135
3689
3709
4136
3710
4137
3691
3712
4138
3692
3713
4139
3693
3714
4140
3694
3715
4141
3695
3716
4142
3696
3717
4143
3697
3718
4144
3698
3719
4145
3699
3720
4146
3700
3721
4147
3701
3722
4148
3702
3723
4149
3703
3724
4150
3704
3725
4151
3705
3726
4152
3706
3727
4153
3707
3728
4154
3708
3729
4155
3709
3730
4156
3710
3731
4157
3711
3732
4158
3733
4159
3713
3734
4160
3714
3735
4161
3715
3736
4162
3716
3737
4163
3717
3738
4164
3718
3739
4165
3719
3740
4166
3720
3741
4167
3721
3742
4168
3722
3743
4169
3723
3744
4170
3724
3745
4171
3725
3746
4172
3726
3747
4173
3727
3748
4174
3728
3749
4175
3729
3750
4176
3730
3751
4177
3731
3752
4178
3732
3753
4179
3733
3754
4180
3755
4181
3735
3757
4182
3736
3758
4183
3737
3759
4184
3738
3760
4185
3739
3761
4186
3740
3762
4187
3741
3763
4188
3742
3764
4189
3743
3765
4190
3744
3766
4191
3745
3767
4192
3746
3768
4193
3747
3769
4194
3748
3770
4195
3749
3771
4196
3750
3772
4197
3751
3773
4198
3752
3774
4199
3753
3775
4200
3754
3776
4201
3755
3777
4202
3778
4203
3757
3780
4204
3758
3781
4205
3759
3782
4206
3760
3783
4207
3761
3784
4208
3762
3785
4209
3763
3786
4210
3764
3787
4211
3765
3788
4212
3766
3789
4213
3767
3790
4214
3768
3791
4215
3769
3792
4216
3770
3793
4217
3771
3794
4218
3772
3795
4219
3773
3796
4220
3774
3797
4221
3775
3798
4222
3776
3799
4223
3777
3800
4224
3778
3801
4225
3779
3802
4226
3803
4227
3781
3804
4228
3782
3805
4229
3783
3806
4230
3784
3807
4231
3785
3808
4232
3786
3809
4233
3787
3810
4234
3788
3811
4235
3789
3812
4236
3790
3813
4237
3791
3814
4238
3792
3815
4239
3793
3816
4240
3794
3817
4241
3795
3818
4242
3796
3819
4243
3797
3820
4244
3798
3821
4245
3799
3822
4246
3800
3823
4247
3801
3824
4248
3802
3825
4249
3803
3826
4250
3827
4251
3805
3828
4252
3806
3829
4253
3807
3830
4254
3808
3831
4255
3809
3832
4256
3810
3833
4257
3811
3834
4258
3812
3835
4259
3813
3836
4260
3814
3837
4261
3815
3838
4262
3816
3839
4263
3817
3840
4264
3818
3841
4265
3819
3842
4266
3820
3843
4267
3821
3844
4268
3822
3845
4269
3823
3846
4270
3824
3847
4271
3825
3848
4272
3826
3849
4273
3827
3850
4274
3851
4275
3829
3852
4276
3830
3853
4277
3831
3854
4278
3832
3855
4279
3833
3856
4280
3834
3857
4281
3835
3858
4282
3836
3859
4283
3837
3860
4284
3838
3861
4285
3839
3862
4286
3840
3863
4287
3841
3864
4288
3842
3865
4289
3843
3866
4290
3844
3867
4291
3845
3868
4292
3846
3869
4293
3847
3870
4294
3848
3871
4295
3849
3872
4296
3850
3873
4297
3851
3874
4298
3875
4299
3853
3876
4300
3854
3877
4301
3855
3878
4302
3856
3879
4303
3857
3880
4304
3858
3881
4305
3859
3882
4306
3860
3883
4307
3861
3884
4308
3862
3885
4309
3863
3886
4310
3864
3887
4311
3865
3888
4312
3866
3889
4313
3867
3890
4314
3868
3891
4315
3869
3892
4316
3870
3893
4317
3871
3894
4318
3872
3895
4319
3873
3896
4320
3874
3897
4321
3875
3898
4322
3899
4323
3877
4324
3878
3900
4325
3879
3901
4326
3880
3902
4327
3881
3903
4328
3882
3904
4329
3883
3905
4330
3884
3906
4331
3885
3907
4332
3886
3908
4333
3887
3909
4334
3888
3910
4335
3889
3911
4336
3890
3912
4337
3891
3913
4338
3892
3914
4339
3893
3915
4340
3894
3916
4341
3895
3917
4342
3896
3918
4343
3897
3919
4344
3898
3920
4345
3899
3921
4346
4347
3901
3922
4348
3902
3923
4349
3903
3924
4350
3904
3925
4351
3905
3926
4352
3906
3927
4353
3907
3928
4354
3908
3929
4355
3909
3930
4356
3910
3931
4357
3911
3932
4358
3912
3933
4359
3913
3934
4360
3914
3935
4361
3915
3936
4362
3916
3937
4363
3917
3938
4364
3918
3939
4365
3919
3940
4366
3920
3941
4367
3921
3942
4368
3943
4369
3923
3944
4370
3924
3945
4371
3925
3946
4372
3926
3947
4373
3927
3948
4374
3928
3949
4375
3929
3950
4376
3930
3951
4377
3931
3952
4378
3932
3953
4379
3933
3954
4380
3934
3955
4381
3935
3956
4382
3936
3957
4383
3937
3958
4384
3938
3959
4385
3939
3960
4386
3940
3961
4387
3941
3962
4388
3942
3963
4389
3943
3964
4390
3965
4391
3945
4392
3946
3966
4393
3947
3967
4394
3948
3968
4395
3949
3969
4396
3950
3970
4397
3951
3971
4398
3952
3972
4399
3953
3973
4400
3954
3974
4401
3955
3975
4402
3956
3976
4403
3957
3977
4404
3958
3978
4405
3959
3979
4406
3960
3980
4407
3961
3981
4408
3962
3982
4409
3963
3983
4410
3964
3984
4411
3965
3985
4412
4413
3967
4414
3968
3986
4415
3969
3987
4416
3970
3988
4417
3971
3989
4418
3972
3990
4419
3973
3991
4420
3974
3992
4421
3975
3993
4422
3976
3994
4423
3977
3995
4424
3978
3996
4425
3979
3997
4426
3980
3998
4427
3981
3999
4428
3982
4000
4429
3983
4001
4430
3984
4002
4431
3985
4003
4432
4433
3987
4434
3988
4004
4435
3989
4005
4436
3990
4006
4437
3991
4007
4438
3992
4008
4439
3993
4009
4440
3994
4010
4441
3995
4011
4442
3996
4012
4443
3997
4013
4444
3998
4014
4445
3999
4015
4446
4000
4016
4447
4001
4017
4448
4002
4018
4449
4003
4019
4450
4451
4005
4452
4006
4020
4453
4007
4021
4454
4008
4022
4455
4009
4023
4456
4010
4024
4457
4011
4025
4458
4012
4026
4459
4013
4027
4460
4014
4028
4461
4015
4029
4462
4016
4030
4463
4017
4031
4464
4018
4032
4465
4019
4033
4466
4467
4021
4468
4022
4034
4469
4023
4035
4470
4024
4036
4471
4025
4037
4472
4026
4038
4473
4027
4039
4474
4028
4040
4475
4029
4041
4476
4030
4042
4477
4031
4043
4478
4032
4044
4479
4033
4045
4480
4481
4035
4482
4036
4483
4037
4484
4038
4046
4485
4039
4047
4486
4040
4048
4487
4041
4049
4488
4042
4050
4489
4043
4051
4490
4044
4491
4045
4492
4493
4047
4494
4048
4495
4049
4496
4050
4497
4051
4498
4499
4053
4061
4054
4062
4500
4055
4063
4501
4056
4064
4502
4057
4065
4503
4066
4059
4071
4060
4072
4504
4061
4073
4505
4062
4074
4506
4063
4075
4507
4064
4076
4508
4065
4077
4509
4066
4078
4510
4067
4079
4511
4068
4080
4512
4069
4081
4513
4082
4071
4085
4514
4072
4086
4515
4073
4087
4516
4074
4088
4517
4075
4089
4518
4076
4090
4519
4077
4091
4520
4078
4092
4521
4079
4093
4522
4080
4094
4523
4081
4095
4524
4082
4096
4525
4083
4097
4526
4098
4527
4085
4101
4528
4086
4102
4529
4087
4103
4530
4088
4104
4531
4089
4105
4532
4090
4106
4533
4091
4107
4534
4092
4108
4535
4093
4109
4536
4094
4110
4537
4095
4111
4538
4096
4112
4539
4097
4113
4540
4098
4114
4541
4099
4115
4542
4116
4543
4101
4119
4544
4102
4120
4545
4103
4121
4546
4104
4122
4547
4105
4123
4548
4106
4124
4549
4107
4125
4550
4108
4126
4551
4109
4127
4552
4110
4128
4553
4111
4129
4554
4112
4130
4555
4113
4131
4556
4114
4132
4557
4115
4133
4558
4116
4134
4559
4117
4135
4560
4136
4561
4119
4139
4562
4120
4140
4563
4121
4141
4564
4122
4142
4565
4123
4143
4566
4124
4144
4567
4125
4145
4568
4126
4146
4569
4127
4147
4570
4128
4148
4571
4129
4149
4572
4130
4150
4573
4131
4151
4574
4132
4152
4575
4133
4153
4576
4134
4154
4577
4135
4155
4578
4136
4156
4579
4137
4157
4580
4158
4581
4139
4160
4140
4161
4582
4141
4162
4583
4142
4163
4584
4143
4164
4585
4144
4165
4586
4145
4166
4587
4146
4167
4588
4147
4168
4589
4148
4169
4590
4149
4170
4591
4150
4171
4592
4151
4172
4593
4152
4173
4594
4153
4174
4595
4154
4175
4596
4155
4176
4597
4156
4177
4598
4157
4178
4599
4158
4179
4600
4159
4180
4601
4181
4161
4182
4602
4162
4183
4603
4163
4184
4604
4164
4185
4605
4165
4186
4606
4166
4187
4607
4167
4188
4608
4168
4189
4609
4169
4190
4610
4170
4191
4611
4171
4192
4612
4172
4193
4613
4173
4194
4614
4174
4195
4615
4175
4196
4616
4176
4197
4617
4177
4198
4618
4178
4199
4619
4179
4200
4620
4180
4201
4621
4181
4202
4622
4203
4623
4183
4205
4624
4184
4206
4625
4185
4207
4626
4186
4208
4627
4187
4209
4628
4188
4210
4629
4189
4211
4630
4190
4212
4631
4191
4213
4632
4192
4214
4633
4193
4215
4634
4194
4216
4635
4195
4217
4636
4196
4218
4637
4197
4219
4638
4198
4220
4639
4199
4221
4640
4200
4222
4641
4201
4223
4642
4202
4224
4643
4203
4225
4644
4226
4645
4205
4228
4206
4229
4646
4207
4230
4647
4208
4231
4648
4209
4232
4649
4210
4233
4650
4211
4234
4651
4212
4235
4652
4213
4236
4653
4214
4237
4654
4215
4238
4655
4216
4239
4656
4217
4240
4657
4218
4241
4658
4219
4242
4659
4220
4243
4660
4221
4244
4661
4222
4245
4662
4223
4246
4663
4224
4247
4664
4225
4248
4665
4226
4249
4666
4227
4250
4667
4251
4229
4252
4668
4230
4253
4669
4231
4254
4670
4232
4255
4671
4233
4256
4672
4234
4257
4673
4235
4258
4674
4236
4259
4675
4237
4260
4676
4238
4261
4677
4239
4262
4678
4240
4263
4679
4241
4264
4680
4242
4265
4681
4243
4266
4682
4244
4267
4683
4245
4268
4684
4246
4269
4685
4247
4270
4686
4248
4271
4687
4249
4272
4688
4250
4273
4689
4251
4274
4690
4275
4691
4253
4276
4692
4254
4277
4693
4255
4278
4694
4256
4279
4695
4257
4280
4696
4258
4281
4697
4259
4282
4698
4260
4283
4699
4261
4284
4700
4262
4285
4701
4263
4286
4702
4264
4287
4703
4265
4288
4704
4266
4289
4705
4267
4290
4706
4268
4291
4707
4269
4292
4708
4270
4293
4709
4271
4294
4710
4272
4295
4711
4273
4296
4712
4274
4297
4713
4275
4298
4714
4299
4715
4277
4300
4716
4278
4301
4717
4279
4302
4718
4280
4303
4719
4281
4304
4720
4282
4305
4721
4283
4306
4722
4284
4307
4723
4285
4308
4724
4286
4309
4725
4287
4310
4726
4288
4311
4727
4289
4312
4728
4290
4313
4729
4291
4314
4730
4292
4315
4731
4293
4316
4732
4294
4317
4733
4295
4318
4734
4296
4319
4735
4297
4320
4736
4298
4321
4737
4299
4322
4738
4323
4739
4301
4324
4740
4302
4325
4741
4303
4326
4742
4304
4327
4743
4305
4328
4744
4306
4329
4745
4307
4330
4746
4308
4331
4747
4309
4332
4748
4310
4333
4749
4311
4334
4750
4312
4335
4751
4313
4336
4752
4314
4337
4753
4315
4338
4754
4316
4339
4755
4317
4340
4756
4318
4341
4757
4319
4342
4758
4320
4343
4759
4321
4344
4760
4322
4345
4761
4323
4346
4762
4347
4763
4325
4326
4348
4764
4327
4349
4765
4328
4350
4766
4329
4351
4767
4330
4352
4768
4331
4353
4769
4332
4354
4770
4333
4355
4771
4334
4356
4772
4335
4357
4773
4336
4358
4774
4337
4359
4775
4338
4360
4776
4339
4361
4777
4340
4362
4778
4341
4363
4779
4342
4364
4780
4343
4365
4781
4344
4366
4782
4345
4367
4783
4346
4368
4784
4347
4369
4785
4349
4370
4786
4350
4371
4787
4351
4372
4788
4352
4373
4789
4353
4374
4790
4354
4375
4791
4355
4376
4792
4356
4377
4793
4357
4378
4794
4358
4379
4795
4359
4380
4796
4360
4381
4797
4361
4382
4798
4362
4383
4799
4363
4384
4800
4364
4385
4801
4365
4386
4802
4366
4387
4803
4367
4388
4804
4368
4389
4805
4369
4390
4806
4391
4807
4371
4392
4808
4372
4393
4809
4373
4394
4810
4374
4395
4811
4375
4396
4812
4376
4397
4813
4377
4398
4814
4378
4399
4815
4379
4400
4816
4380
4401
4817
4381
4402
4818
4382
4403
4819
4383
4404
4820
4384
4405
4821
4385
4406
4822
4386
4407
4823
4387
4408
4824
4388
4409
4825
4389
4410
4826
4390
4411
4827
4391
4412
4828
4413
4829
4393
4394
4414
4830
4395
4415
4831
4396
4416
4832
4397
4417
4833
4398
4418
4834
4399
4419
4835
4400
4420
4836
4401
4421
4837
4402
4422
4838
4403
4423
4839
4404
4424
4840
4405
4425
4841
4406
4426
4842
4407
4427
4843
4408
4428
4844
4409
4429
4845
4410
4430
4846
4411
4431
4847
4412
4432
4848
4413
4433
4849
4415
4850
4416
4434
4851
4417
4435
4852
4418
4436
4853
4419
4437
4854
4420
4438
4855
4421
4439
4856
4422
4440
4857
4423
4441
4858
4424
4442
4859
4425
4443
4860
4426
4444
4861
4427
4445
4862
4428
4446
4863
4429
4447
4864
4430
4448
4865
4431
4449
4866
4432
4450
4867
4433
4451
4868
4869
4435
4870
4436
4452
4871
4437
4453
4872
4438
4454
4873
4439
4455
4874
4440
4456
4875
4441
4457
4876
4442
4458
4877
4443
4459
4878
4444
4460
4879
4445
4461
4880
4446
4462
4881
4447
4463
4882
4448
4464
4883
4449
4465
4884
4450
4466
4885
4451
4467
4886
4887
4453
4888
4454
4468
4889
4455
4469
4890
4456
4470
4891
4457
4471
4892
4458
4472
4893
4459
4473
4894
4460
4474
4895
4461
4475
4896
4462
4476
4897
4463
4477
4898
4464
4478
4899
4465
4479
4900
4466
4480
4901
4467
4481
4902
4903
4469
4904
4470
4482
4905
4471
4483
4906
4472
4484
4907
4473
4485
4908
4474
4486
4909
4475
4487
4910
4476
4488
4911
4477
4489
4912
4478
4490
4913
4479
4491
4914
4480
4492
4915
4481
4493
4916
4917
4483
4484
4918
4485
4919
4486
4494
4920
4487
4495
4921
4488
4496
4922
4489
4497
4923
4490
4498
4924
4491
4499
4925
4492
4926
4493
4927
4495
4496
4928
4497
4929
4498
4930
4499
4931
4501
4507
4502
4508
4503
4509
4510
4505
4516
4932
4506
4517
4933
4507
4518
4934
4508
4519
4935
4509
4520
4936
4510
4521
4937
4511
4522
4938
4512
4523
4939
4513
4524
4940
4525
4941
4515
4529
4516
4530
4942
4517
4531
4943
4518
4532
4944
4519
4533
4945
4520
4534
4946
4521
4535
4947
4522
4536
4948
4523
4537
4949
4524
4538
4950
4525
4539
4951
4526
4540
4952
4527
4541
4953
4542
4529
4545
4954
4530
4546
4955
4531
4547
4956
4532
4548
4957
4533
4549
4958
4534
4550
4959
4535
4551
4960
4536
4552
4961
4537
4553
4962
4538
4554
4963
4539
4555
4964
4540
4556
4965
4541
4557
4966
4542
4558
4967
4543
4559
4968
4560
4969
4545
4563
4970
4546
4564
4971
4547
4565
4972
4548
4566
4973
4549
4567
4974
4550
4568
4975
4551
4569
4976
4552
4570
4977
4553
4571
4978
4554
4572
4979
4555
4573
4980
4556
4574
4981
4557
4575
4982
4558
4576
4983
4559
4577
4984
4560
4578
4985
4561
4579
4986
4580
4987
4563
4582
4564
4583
4988
4565
4584
4989
4566
4585
4990
4567
4586
4991
4568
4587
4992
4569
4588
4993
4570
4589
4994
4571
4590
4995
4572
4591
4996
4573
4592
4997
4574
4593
4998
4575
4594
4999
4576
4595
5000
4577
4596
5001
4578
4597
5002
4579
4598
5003
4580
4599
5004
4581
4600
5005
4601
4583
4603
5006
4584
4604
5007
4585
4605
5008
4586
4606
5009
4587
4607
5010
4588
4608
5011
4589
4609
5012
4590
4610
5013
4591
4611
5014
4592
4612
5015
4593
4613
5016
4594
4614
5017
4595
4615
5018
4596
4616
5019
4597
4617
5020
4598
4618
5021
4599
4619
5022
4600
4620
5023
4601
4621
5024
4622
5025
4603
4624
5026
4604
4625
5027
4605
4626
5028
4606
4627
5029
4607
4628
5030
4608
4629
5031
4609
4630
5032
4610
4631
5033
4611
4632
5034
4612
4633
5035
4613
4634
5036
4614
4635
5037
4615
4636
5038
4616
4637
5039
4617
4638
5040
4618
4639
5041
4619
4640
5042
4620
4641
5043
4621
4642
5044
4622
4643
5045
4623
4644
5046
4645
5047
4625
4646
5048
4626
4647
5049
4627
4648
5050
4628
4649
5051
4629
4650
5052
4630
4651
5053
4631
4652
5054
4632
4653
5055
4633
4654
5056
4634
4655
5057
4635
4656
5058
4636
4657
5059
4637
4658
5060
4638
4659
5061
4639
4660
5062
4640
4661
5063
4641
4662
5064
4642
4663
5065
4643
4664
5066
4644
4665
5067
4645
4666
5068
4667
5069
4647
4669
5070
4648
4670
5071
4649
4671
5072
4650
4672
5073
4651
4673
5074
4652
4674
5075
4653
4675
5076
4654
4676
5077
4655
4677
5078
4656
4678
5079
4657
4679
5080
4658
4680
5081
4659
4681
5082
4660
4682
5083
4661
4683
5084
4662
4684
5085
4663
4685
5086
4664
4686
5087
4665
4687
5088
4666
4688
5089
4667
4689
5090
4690
5091
4669
4692
4670
4693
5092
4671
4694
5093
4672
4695
5094
4673
4696
5095
4674
4697
5096
4675
4698
5097
4676
4699
5098
4677
4700
5099
4678
4701
5100
4679
4702
5101
4680
4703
5102
4681
4704
5103
4682
4705
5104
4683
4706
5105
4684
4707
5106
4685
4708
5107
4686
4709
5108
4687
4710
5109
4688
4711
5110
4689
4712
5111
4690
4713
5112
4691
4714
5113
4715
4693
4716
4694
4717
5114
4695
4718
5115
4696
4719
5116
4697
4720
5117
4698
4721
5118
4699
4722
5119
4700
4723
5120
4701
4724
5121
4702
4725
5122
4703
4726
5123
4704
4727
5124
4705
4728
5125
4706
4729
5126
4707
4730
5127
4708
4731
5128
4709
4732
5129
4710
4733
5130
4711
4734
5131
4712
4735
5132
4713
4736
5133
4714
4737
5134
4715
4738
5135
4739
4717
4740
4718
4741
5136
4719
4742
5137
4720
4743
5138
4721
4744
5139
4722
4745
5140
4723
4746
5141
4724
4747
5142
4725
4748
5143
4726
4749
5144
4727
4750
5145
4728
4751
5146
4729
4752
5147
4730
4753
5148
4731
4754
5149
4732
4755
5150
4733
4756
5151
4734
4757
5152
4735
4758
5153
4736
4759
5154
4737
4760
5155
4738
4761
5156
4739
4762
5157
4763
4741
4742
4764
5158
4743
4765
5159
4744
4766
5160
4745
4767
5161
4746
4768
5162
4747
4769
5163
4748
4770
5164
4749
4771
5165
4750
4772
5166
4751
4773
5167
4752
4774
5168
4753
4775
5169
4754
4776
5170
4755
4777
5171
4756
4778
5172
4757
4779
5173
4758
4780
5174
4759
4781
5175
4760
4782
5176
4761
4783
5177
4762
4784
5178
4763
4785
5179
4765
4786
5180
4766
4787
5181
4767
4788
5182
4768
4789
5183
4769
4790
5184
4770
4791
5185
4771
4792
5186
4772
4793
5187
4773
4794
5188
4774
4795
5189
4775
4796
5190
4776
4797
5191
4777
4798
5192
4778
4799
5193
4779
4800
5194
4780
4801
5195
4781
4802
5196
4782
4803
5197
4783
4804
5198
4784
4805
5199
4785
4806
5200
4807
5201
4787
4808
5202
4788
4809
5203
4789
4810
5204
4790
4811
5205
4791
4812
5206
4792
4813
5207
4793
4814
5208
4794
4815
5209
4795
4816
5210
4796
4817
5211
4797
4818
5212
4798
4819
5213
4799
4820
5214
4800
4821
5215
4801
4822
5216
4802
4823
5217
4803
4824
5218
4804
4825
5219
4805
4826
5220
4806
4827
5221
4807
4828
5222
4829
5223
4809
5224
4810
4830
5225
4811
4831
5226
4812
4832
5227
4813
4833
5228
4814
4834
5229
4815
4835
5230
4816
4836
5231
4817
4837
5232
4818
4838
5233
4819
4839
5234
4820
4840
5235
4821
4841
5236
4822
4842
5237
4823
4843
5238
4824
4844
5239
4825
4845
5240
4826
4846
5241
4827
4847
5242
4828
4848
5243
4829
4849
5244
5245
4831
4850
5246
4832
4851
5247
4833
4852
5248
4834
4853
5249
4835
4854
5250
4836
4855
5251
4837
4856
5252
4838
4857
5253
4839
4858
5254
4840
4859
5255
4841
4860
5256
4842
4861
5257
4843
4862
5258
4844
4863
5259
4845
4864
5260
4846
4865
5261
4847
4866
5262
4848
4867
5263
4849
4868
5264
4869
5265
4851
4852
4870
5266
4853
4871
5267
4854
4872
5268
4855
4873
5269
4856
4874
5270
4857
4875
5271
4858
4876
5272
4859
4877
5273
4860
4878
5274
4861
4879
5275
4862
4880
5276
4863
4881
5277
4864
4882
5278
4865
4883
5279
4866
4884
5280
4867
4885
5281
4868
4886
5282
4869
4887
5283
4871
5284
4872
4888
5285
4873
4889
5286
4874
4890
5287
4875
4891
5288
4876
4892
5289
4877
4893
5290
4878
4894
5291
4879
4895
5292
4880
4896
5293
4881
4897
5294
4882
4898
5295
4883
4899
5296
4884
4900
5297
4885
4901
5298
4886
4902
5299
4887
4903
5300
5301
4889
5302
4890
4904
5303
4891
4905
5304
4892
4906
5305
4893
4907
5306
4894
4908
5307
4895
4909
5308
4896
4910
5309
4897
4911
5310
4898
4912
5311
4899
4913
5312
4900
4914
5313
4901
4915
5314
4902
4916
5315
4903
4917
5316
5317
4905
4906
5318
4907
4918
5319
4908
4919
5320
4909
4920
5321
4910
4921
5322
4911
4922
5323
4912
4923
5324
4913
4924
5325
4914
4925
5326
4915
4926
5327
4916
4927
5328
4917
5329
4919
5330
4920
5331
4921
5332
4922
4928
5333
4923
4929
5334
4924
4930
5335
4925
4931
5336
4926
5337
4927
5338
5339
4929
4930
4931
4933
4943
4934
4944
5340
4935
4945
5341
4936
4946
5342
4937
4947
5343
4938
4948
5344
4939
4949
5345
4940
4950
5346
4941
4951
5347
4952
4943
4956
5348
4944
4957
5349
4945
4958
5350
4946
4959
5351
4947
4960
5352
4948
4961
5353
4949
4962
5354
4950
4963
5355
4951
4964
5356
4952
4965
5357
4953
4966
5358
4967
5359
4955
4971
4956
4972
5360
4957
4973
5361
4958
4974
5362
4959
4975
5363
4960
4976
5364
4961
4977
5365
4962
4978
5366
4963
4979
5367
4964
4980
5368
4965
4981
5369
4966
4982
5370
4967
4983
5371
4968
4984
5372
4969
4985
5373
4986
4971
4988
4972
4989
5374
4973
4990
5375
4974
4991
5376
4975
4992
5377
4976
4993
5378
4977
4994
5379
4978
4995
5380
4979
4996
5381
4980
4997
5382
4981
4998
5383
4982
4999
5384
4983
5000
5385
4984
5001
5386
4985
5002
5387
4986
5003
5388
4987
5004
5389
5005
4989
5007
5390
4990
5008
5391
4991
5009
5392
4992
5010
5393
4993
5011
5394
4994
5012
5395
4995
5013
5396
4996
5014
5397
4997
5015
5398
4998
5016
5399
4999
5017
5400
5000
5018
5401
5001
5019
5402
5002
5020
5403
5003
5021
5404
5004
5022
5405
5005
5023
5406
5024
5407
5007
5027
5408
5008
5028
5409
5009
5029
5410
5010
5030
5411
5011
5031
5412
5012
5032
5413
5013
5033
5414
5014
5034
5415
5015
5035
5416
5016
5036
5417
5017
5037
5418
5018
5038
5419
5019
5039
5420
5020
5040
5421
5021
5041
5422
5022
5042
5423
5023
5043
5424
5024
5044
5425
5025
5045
5426
5046
5427
5027
5048
5028
5049
5428
5029
5050
5429
5030
5051
5430
5031
5052
5431
5032
5053
5432
5033
5054
5433
5034
5055
5434
5035
5056
5435
5036
5057
5436
5037
5058
5437
5038
5059
5438
5039
5060
5439
5040
5061
5440
5041
5062
5441
5042
5063
5442
5043
5064
5443
5044
5065
5444
5045
5066
5445
5046
5067
5446
5047
5068
5447
5069
5049
5070
5448
5050
5071
5449
5051
5072
5450
5052
5073
5451
5053
5074
5452
5054
5075
5453
5055
5076
5454
5056
5077
5455
5057
5078
5456
5058
5079
5457
5059
5080
5458
5060
5081
5459
5061
5082
5460
5062
5083
5461
5063
5084
5462
5064
5085
5463
5065
5086
5464
5066
5087
5465
5067
5088
5466
5068
5089
5467
5069
5090
5468
5091
5469
5071
5092
5470
5072
5093
5471
5073
5094
5472
5074
5095
5473
5075
5096
5474
5076
5097
5475
5077
5098
5476
5078
5099
5477
5079
5100
5478
5080
5101
5479
5081
5102
5480
5082
5103
5481
5083
5104
5482
5084
5105
5483
5085
5106
5484
5086
5107
5485
5087
5108
5486
5088
5109
5487
5089
5110
5488
5090
5111
5489
5091
5112
5490
5113
5491
5093
5114
5492
5094
5115
5493
5095
5116
5494
5096
5117
5495
5097
5118
5496
5098
5119
5497
5099
5120
5498
5100
5121
5499
5101
5122
5500
5102
5123
5501
5103
5124
5502
5104
5125
5503
5105
5126
5504
5106
5127
5505
5107
5128
5506
5108
5129
5507
5109
5130
5508
5110
5131
5509
5111
5132
5510
5112
5133
5511
5113
5134
5512
5135
5513
5115
5136
5514
5116
5137
5515
5117
5138
5516
5118
5139
5517
5119
5140
5518
5120
5141
5519
5121
5142
5520
5122
5143
5521
5123
5144
5522
5124
5145
5523
5125
5146
5524
5126
5147
5525
5127
5148
5526
5128
5149
5527
5129
5150
5528
5130
5151
5529
5131
5152
5530
5132
5153
5531
5133
5154
5532
5134
5155
5533
5135
5156
5534
5157
5535
5137
5158
5536
5138
5159
5537
5139
5160
5538
5140
5161
5539
5141
5162
5540
5142
5163
5541
5143
5164
5542
5144
5165
5543
5145
5166
5544
5146
5167
5545
5147
5168
5546
5148
5169
5547
5149
5170
5548
5150
5171
5549
5151
5172
5550
5152
5173
5551
5153
5174
5552
5154
5175
5553
5155
5176
5554
5156
5177
5555
5157
5178
5556
5179
5557
5159
5180
5558
5160
5181
5559
5161
5182
5560
5162
5183
5561
5163
5184
5562
5164
5185
5563
5165
5186
5564
5166
5187
5565
5167
5188
5566
5168
5189
5567
5169
5190
5568
5170
5191
5569
5171
5192
5570
5172
5193
5571
5173
5194
5572
5174
5195
5573
5175
5196
5574
5176
5197
5575
5177
5198
5576
5178
5199
5577
5179
5200
5578
5201
5579
5181
5202
5580
5182
5203
5581
5183
5204
5582
5184
5205
5583
5185
5206
5584
5186
5207
5585
5187
5208
5586
5188
5209
5587
5189
5210
5588
5190
5211
5589
5191
5212
5590
5192
5213
5591
5193
5214
5592
5194
5215
5593
5195
5216
5594
5196
5217
5595
5197
5218
5596
5198
5219
5597
5199
5220
5598
5200
5221
5599
5201
5222
5600
5223
5601
5203
5224
5602
5204
5225
5603
5205
5226
5604
5206
5227
5605
5207
5228
5606
5208
5229
5607
5209
5230
5608
5210
5231
5609
5211
5232
5610
5212
5233
5611
5213
5234
5612
5214
5235
5613
5215
5236
5614
5216
5237
5615
5217
5238
5616
5218
5239
5617
5219
5240
5618
5220
5241
5619
5221
5242
5620
5222
5243
5621
5223
5244
5622
5245
5623
5225
5226
5246
5624
5227
5247
5625
5228
5248
5626
5229
5249
5627
5230
5250
5628
5231
5251
5629
5232
5252
5630
5233
5253
5631
5234
5254
5632
5235
5255
5633
5236
5256
5634
5237
5257
5635
5238
5258
5636
5239
5259
5637
5240
5260
5638
5241
5261
5639
5242
5262
5640
5243
5263
5641
5244
5264
5642
5245
5265
5643
5247
5644
5248
5266
5645
5249
5267
5646
5250
5268
5647
5251
5269
5648
5252
5270
5649
5253
5271
5650
5254
5272
5651
5255
5273
5652
5256
5274
5653
5257
5275
5654
5258
5276
5655
5259
5277
5656
5260
5278
5657
5261
5279
5658
5262
5280
5659
5263
5281
5660
5264
5282
5661
5265
5283
5662
5663
5267
5284
5664
5268
5285
5665
5269
5286
5666
5270
5287
5667
5271
5288
5668
5272
5289
5669
5273
5290
5670
5274
5291
5671
5275
5292
5672
5276
5293
5673
5277
5294
5674
5278
5295
5675
5279
5296
5676
5280
5297
5677
5281
5298
5678
5282
5299
5679
5283
5300
5680
5301
5681
5285
5286
5302
5682
5287
5303
5683
5288
5304
5684
5289
5305
5685
5290
5306
5686
5291
5307
5687
5292
5308
5688
5293
5309
5689
5294
5310
5690
5295
5311
5691
5296
5312
5692
5297
5313
5693
5298
5314
5694
5299
5315
5695
5300
5316
5696
5301
5317
5697
5303
5304
5698
5305
5318
5699
5306
5319
5700
5307
5320
5701
5308
5321
5702
5309
5322
5703
5310
5323
5704
5311
5324
5705
5312
5325
5706
5313
5326
5707
5314
5327
5708
5315
5328
5709
5316
5329
5710
5317
5711
5319
5712
5320
5330
5713
5321
5331
5714
5322
5332
5715
5323
5333
5716
5324
5334
5717
5325
5335
5718
5326
5336
5719
5327
5337
5720
5328
5338
5721
5329
5339
5722
5723
5331
5332
5724
5333
5725
5334
5726
5335
5727
5336
5728
5337
5729
5338
5730
5339
5731
5341
5350
5342
5351
5343
5352
5732
5344
5353
5733
5345
5354
5734
5346
5355
5735
5347
5356
5357
5349
5361
5350
5362
5736
5351
5363
5737
5352
5364
5738
5353
5365
5739
5354
5366
5740
5355
5367
5741
5356
5368
5742
5357
5369
5743
5358
5370
5744
5359
5371
5745
5372
5361
5375
5362
5376
5746
5363
5377
5747
5364
5378
5748
5365
5379
5749
5366
5380
5750
5367
5381
5751
5368
5382
5752
5369
5383
5753
5370
5384
5754
5371
5385
5755
5372
5386
5756
5373
5387
5757
5388
5375
5391
5758
5376
5392
5759
5377
5393
5760
5378
5394
5761
5379
5395
5762
5380
5396
5763
5381
5397
5764
5382
5398
5765
5383
5399
5766
5384
5400
5767
5385
5401
5768
5386
5402
5769
5387
5403
5770
5388
5404
5771
5389
5405
5772
5406
5773
5391
5409
5392
5410
5774
5393
5411
5775
5394
5412
5776
5395
5413
5777
5396
5414
5778
5397
5415
5779
5398
5416
5780
5399
5417
5781
5400
5418
5782
5401
5419
5783
5402
5420
5784
5403
5421
5785
5404
5422
5786
5405
5423
5787
5406
5424
5788
5407
5425
5789
5426
5409
5428
5410
5429
5790
5411
5430
5791
5412
5431
5792
5413
5432
5793
5414
5433
5794
5415
5434
5795
5416
5435
5796
5417
5436
5797
5418
5437
5798
5419
5438
5799
5420
5439
5800
5421
5440
5801
5422
5441
5802
5423
5442
5803
5424
5443
5804
5425
5444
5805
5426
5445
5806
5427
5446
5807
5447
5429
5449
5808
5430
5450
5809
5431
5451
5810
5432
5452
5811
5433
5453
5812
5434
5454
5813
5435
5455
5814
5436
5456
5815
5437
5457
5816
5438
5458
5817
5439
5459
5818
5440
5460
5819
5441
5461
5820
5442
5462
5821
5443
5463
5822
5444
5464
5823
5445
5465
5824
5446
5466
5825
5447
5467
5826
5468
5827
5449
5470
5450
5471
5828
5451
5472
5829
5452
5473
5830
5453
5474
5831
5454
5475
5832
5455
5476
5833
5456
5477
5834
5457
5478
5835
5458
5479
5836
5459
5480
5837
5460
5481
5838
5461
5482
5839
5462
5483
5840
5463
5484
5841
5464
5485
5842
5465
5486
5843
5466
5487
5844
5467
5488
5845
5468
5489
5846
5469
5490
5847
5491
5471
5492
5472
5493
5848
5473
5494
5849
5474
5495
5850
5475
5496
5851
5476
5497
5852
5477
5498
5853
5478
5499
5854
5479
5500
5855
5480
5501
5856
5481
5502
5857
5482
5503
5858
5483
5504
5859
5484
5505
5860
5485
5506
5861
5486
5507
5862
5487
5508
5863
5488
5509
5864
5489
5510
5865
5490
5511
5866
5491
5512
5867
5513
5493
5514
5868
5494
5515
5869
5495
5516
5870
5496
5517
5871
5497
5518
5872
5498
5519
5873
5499
5520
5874
5500
5521
5875
5501
5522
5876
5502
5523
5877
5503
5524
5878
5504
5525
5879
5505
5526
5880
5506
5527
5881
5507
5528
5882
5508
5529
5883
5509
5530
5884
5510
5531
5885
5511
5532
5886
5512
5533
5887
5513
5534
5888
5535
5889
5515
5536
5890
5516
5537
5891
5517
5538
5892
5518
5539
5893
5519
5540
5894
5520
5541
5895
5521
5542
5896
5522
5543
5897
5523
5544
5898
5524
5545
5899
5525
5546
5900
5526
5547
5901
5527
5548
5902
5528
5549
5903
5529
5550
5904
5530
5551
5905
5531
5552
5906
5532
5553
5907
5533
5554
5908
5534
5555
5909
5535
5556
5910
5557
5911
5537
5558
5912
5538
5559
5913
5539
5560
5914
5540
5561
5915
5541
5562
5916
5542
5563
5917
5543
5564
5918
5544
5565
5919
5545
5566
5920
5546
5567
5921
5547
5568
5922
5548
5569
5923
5549
5570
5924
5550
5571
5925
5551
5572
5926
5552
5573
5927
5553
5574
5928
5554
5575
5929
5555
5576
5930
5556
5577
5931
5557
5578
5932
5579
5933
5559
5580
5934
5560
5581
5935
5561
5582
5936
5562
5583
5937
5563
5584
5938
5564
5585
5939
5565
5586
5940
5566
5587
5941
5567
5588
5942
5568
5589
5943
5569
5590
5944
5570
5591
5945
5571
5592
5946
5572
5593
5947
5573
5594
5948
5574
5595
5949
5575
5596
5950
5576
5597
5951
5577
5598
5952
5578
5599
5953
5579
5600
5954
5601
5955
5581
5602
5582
5603
5956
5583
5604
5957
5584
5605
5958
5585
5606
5959
5586
5607
5960
5587
5608
5961
5588
5609
5962
5589
5610
5963
5590
5611
5964
5591
5612
5965
5592
5613
5966
5593
5614
5967
5594
5615
5968
5595
5616
5969
5596
5617
5970
5597
5618
5971
5598
5619
5972
5599
5620
5973
5600
5621
5974
5601
5622
5975
5623
5603
5604
5624
5976
5605
5625
5977
5606
5626
5978
5607
5627
5979
5608
5628
5980
5609
5629
5981
5610
5630
5982
5611
5631
5983
5612
5632
5984
5613
5633
5985
5614
5634
5986
5615
5635
5987
5616
5636
5988
5617
5637
5989
5618
5638
5990
5619
5639
5991
5620
5640
5992
5621
5641
5993
5622
5642
5994
5623
5643
5995
5625
5644
5996
5626
5645
5997
5627
5646
5998
5628
5647
5999
5629
5648
6000
5630
5649
6001
5631
5650
6002
5632
5651
6003
5633
5652
6004
5634
5653
6005
5635
5654
6006
5636
5655
6007
5637
5656
6008
5638
5657
6009
5639
5658
6010
5640
5659
6011
5641
5660
6012
5642
5661
6013
5643
5662
6014
5663
6015
5645
5646
5664
6016
5647
5665
6017
5648
5666
6018
5649
5667
6019
5650
5668
6020
5651
5669
6021
5652
5670
6022
5653
5671
6023
5654
5672
6024
5655
5673
6025
5656
5674
6026
5657
5675
6027
5658
5676
6028
5659
5677
6029
5660
5678
6030
5661
5679
6031
5662
5680
6032
5663
5681
6033
5665
5666
5682
6034
5667
5683
6035
5668
5684
6036
5669
5685
6037
5670
5686
6038
5671
5687
6039
5672
5688
6040
5673
5689
6041
5674
5690
6042
5675
5691
6043
5676
5692
6044
5677
5693
6045
5678
5694
6046
5679
5695
6047
5680
5696
6048
5681
5697
6049
5683
6050
5684
5698
6051
5685
5699
6052
5686
5700
6053
5687
5701
6054
5688
5702
6055
5689
5703
6056
5690
5704
6057
5691
5705
6058
5692
5706
6059
5693
5707
6060
5694
5708
6061
5695
5709
6062
5696
5710
6063
5697
5711
6064
6065
5699
5700
5712
6066
5701
5713
6067
5702
5714
6068
5703
5715
6069
5704
5716
6070
5705
5717
6071
5706
5718
6072
5707
5719
6073
5708
5720
6074
5709
5721
6075
5710
5722
6076
5711
5723
6077
5713
5714
6078
5715
5724
6079
5716
5725
6080
5717
5726
6081
5718
5727
6082
5719
5728
6083
5720
5729
6084
5721
5730
6085
5722
5731
6086
5723
6087
5725
5726
5727
6088
5728
6089
5729
6090
5730
6091
5731
5733
5739
5734
5740
5735
5741
5742
5737
5747
5738
5748
5739
5749
6092
5740
5750
6093
5741
5751
6094
5742
5752
6095
5743
5753
6096
5744
5754
6097
5745
5755
5756
5747
5760
5748
5761
6098
5749
5762
6099
5750
5763
6100
5751
5764
6101
5752
5765
6102
5753
5766
6103
5754
5767
6104
5755
5768
6105
5756
5769
6106
5757
5770
6107
5771
5759
5774
5760
5775
6108
5761
5776
6109
5762
5777
6110
5763
5778
6111
5764
5779
6112
5765
5780
6113
5766
5781
6114
5767
5782
6115
5768
5783
6116
5769
5784
6117
5770
5785
6118
5771
5786
6119
5772
5787
6120
5773
5788
6121
5789
5775
5791
6122
5776
5792
6123
5777
5793
6124
5778
5794
6125
5779
5795
6126
5780
5796
6127
5781
5797
6128
5782
5798
6129
5783
5799
6130
5784
5800
6131
5785
5801
6132
5786
5802
6133
5787
5803
6134
5788
5804
6135
5789
5805
6136
5806
6137
5791
5809
5792
5810
6138
5793
5811
6139
5794
5812
6140
5795
5813
6141
5796
5814
6142
5797
5815
6143
5798
5816
6144
5799
5817
6145
5800
5818
6146
5801
5819
6147
5802
5820
6148
5803
5821
6149
5804
5822
6150
5805
5823
6151
5806
5824
6152
5807
5825
6153
5826
5809
5828
5810
5829
6154
5811
5830
6155
5812
5831
6156
5813
5832
6157
5814
5833
6158
5815
5834
6159
5816
5835
6160
5817
5836
6161
5818
5837
6162
5819
5838
6163
5820
5839
6164
5821
5840
6165
5822
5841
6166
5823
5842
6167
5824
5843
6168
5825
5844
6169
5826
5845
6170
5827
5846
6171
5847
5829
5848
5830
5849
6172
5831
5850
6173
5832
5851
6174
5833
5852
6175
5834
5853
6176
5835
5854
6177
5836
5855
6178
5837
5856
6179
5838
5857
6180
5839
5858
6181
5840
5859
6182
5841
5860
6183
5842
5861
6184
5843
5862
6185
5844
5863
6186
5845
5864
6187
5846
5865
6188
5847
5866
6189
5867
5849
5869
6190
5850
5870
6191
5851
5871
6192
5852
5872
6193
5853
5873
6194
5854
5874
6195
5855
5875
6196
5856
5876
6197
5857
5877
6198
5858
5878
6199
5859
5879
6200
5860
5880
6201
5861
5881
6202
5862
5882
6203
5863
5883
6204
5864
5884
6205
5865
5885
6206
5866
5886
6207
5867
5887
6208
5888
6209
5869
5890
5870
5891
6210
5871
5892
6211
5872
5893
6212
5873
5894
6213
5874
5895
6214
5875
5896
6215
5876
5897
6216
5877
5898
6217
5878
5899
6218
5879
5900
6219
5880
5901
6220
5881
5902
6221
5882
5903
6222
5883
5904
6223
5884
5905
6224
5885
5906
6225
5886
5907
6226
5887
5908
6227
5888
5909
6228
5889
5910
6229
5911
5891
5912
5892
5913
6230
5893
5914
6231
5894
5915
6232
5895
5916
6233
5896
5917
6234
5897
5918
6235
5898
5919
6236
5899
5920
6237
5900
5921
6238
5901
5922
6239
5902
5923
6240
5903
5924
6241
5904
5925
6242
5905
5926
6243
5906
5927
6244
5907
5928
6245
5908
5929
6246
5909
5930
6247
5910
5931
6248
5911
5932
6249
5933
5913
5934
5914
5935
6250
5915
5936
6251
5916
5937
6252
5917
5938
6253
5918
5939
6254
5919
5940
6255
5920
5941
6256
5921
5942
6257
5922
5943
6258
5923
5944
6259
5924
5945
6260
5925
5946
6261
5926
5947
6262
5927
5948
6263
5928
5949
6264
5929
5950
6265
5930
5951
6266
5931
5952
6267
5932
5953
6268
5933
5954
6269
5955
5935
5936
5956
6270
5937
5957
6271
5938
5958
6272
5939
5959
6273
5940
5960
6274
5941
5961
6275
5942
5962
6276
5943
5963
6277
5944
5964
6278
5945
5965
6279
5946
5966
6280
5947
5967
6281
5948
5968
6282
5949
5969
6283
5950
5970
6284
5951
5971
6285
5952
5972
6286
5953
5973
6287
5954
5974
6288
5955
5975
6289
5957
5976
6290
5958
5977
6291
5959
5978
6292
5960
5979
6293
5961
5980
6294
5962
5981
6295
5963
5982
6296
5964
5983
6297
5965
5984
6298
5966
5985
6299
5967
5986
6300
5968
5987
6301
5969
5988
6302
5970
5989
6303
5971
5990
6304
5972
5991
6305
5973
5992
6306
5974
5993
6307
5975
5994
6308
5995
6309
5977
5996
5978
5997
6310
5979
5998
6311
5980
5999
6312
5981
6000
6313
5982
6001
6314
5983
6002
6315
5984
6003
6316
5985
6004
6317
5986
6005
6318
5987
6006
6319
5988
6007
6320
5989
6008
6321
5990
6009
6322
5991
6010
6323
5992
6011
6324
5993
6012
6325
5994
6013
6326
5995
6014
6327
6015
5997
5998
6016
6328
5999
6017
6329
6000
6018
6330
6001
6019
6331
6002
6020
6332
6003
6021
6333
6004
6022
6334
6005
6023
6335
6006
6024
6336
6007
6025
6337
6008
6026
6338
6009
6027
6339
6010
6028
6340
6011
6029
6341
6012
6030
6342
6013
6031
6343
6014
6032
6344
6015
6033
6345
6017
6018
6034
6346
6019
6035
6347
6020
6036
6348
6021
6037
6349
6022
6038
6350
6023
6039
6351
6024
6040
6352
6025
6041
6353
6026
6042
6354
6027
6043
6355
6028
6044
6356
6029
6045
6357
6030
6046
6358
6031
6047
6359
6032
6048
6360
6033
6049
6361
6035
6050
6362
6036
6051
6363
6037
6052
6364
6038
6053
6365
6039
6054
6366
6040
6055
6367
6041
6056
6368
6042
6057
6369
6043
6058
6370
6044
6059
6371
6045
6060
6372
6046
6061
6373
6047
6062
6374
6048
6063
6375
6049
6064
6376
6065
6377
6051
6052
6378
6053
6066
6379
6054
6067
6380
6055
6068
6381
6056
6069
6382
6057
6070
6383
6058
6071
6384
6059
6072
6385
6060
6073
6386
6061
6074
6387
6062
6075
6388
6063
6076
6389
6064
6077
6390
6065
6391
6067
6068
6078
6392
6069
6079
6393
6070
6080
6394
6071
6081
6395
6072
6082
6396
6073
6083
6397
6074
6084
6398
6075
6085
6399
6076
6086
6400
6077
6087
6401
6079
6080
6081
6402
6082
6088
6403
6083
6089
6404
6084
6090
6405
6085
6091
6406
6086
6407
6087
6089
6090
6091
6093
6100
6094
6101
6095
6102
6096
6103
6097
6104
6105
6099
6110
6100
6111
6408
6101
6112
6409
6102
6113
6410
6103
6114
6411
6104
6115
6412
6105
6116
6413
6106
6117
6414
6107
6118
6415
6119
6109
6123
6110
6124
6416
6111
6125
6417
6112
6126
6418
6113
6127
6419
6114
6128
6420
6115
6129
6421
6116
6130
6422
6117
6131
6423
6118
6132
6424
6119
6133
6425
6120
6134
6426
6121
6135
6427
6136
6123
6138
6124
6139
6428
6125
6140
6429
6126
6141
6430
6127
6142
6431
6128
6143
6432
6129
6144
6433
6130
6145
6434
6131
6146
6435
6132
6147
6436
6133
6148
6437
6134
6149
6438
6135
6150
6439
6136
6151
6440
6137
6152
6441
6153
6139
6155
6442
6140
6156
6443
6141
6157
6444
6142
6158
6445
6143
6159
6446
6144
6160
6447
6145
6161
6448
6146
6162
6449
6147
6163
6450
6148
6164
6451
6149
6165
6452
6150
6166
6453
6151
6167
6454
6152
6168
6455
6153
6169
6456
6170
6457
6155
6172
6156
6173
6458
6157
6174
6459
6158
6175
6460
6159
6176
6461
6160
6177
6462
6161
6178
6463
6162
6179
6464
6163
6180
6465
6164
6181
6466
6165
6182
6467
6166
6183
6468
6167
6184
6469
6168
6185
6470
6169
6186
6471
6170
6187
6472
6171
6188
6473
6189
6173
6191
6474
6174
6192
6475
6175
6193
6476
6176
6194
6477
6177
6195
6478
6178
6196
6479
6179
6197
6480
6180
6198
6481
6181
6199
6482
6182
6200
6483
6183
6201
6484
6184
6202
6485
6185
6203
6486
6186
6204
6487
6187
6205
6488
6188
6206
6489
6189
6207
6490
6208
6491
6191
6210
6192
6211
6492
6193
6212
6493
6194
6213
6494
6195
6214
6495
6196
6215
6496
6197
6216
6497
6198
6217
6498
6199
6218
6499
6200
6219
6500
6201
6220
6501
6202
6221
6502
6203
6222
6503
6204
6223
6504
6205
6224
6505
6206
6225
6506
6207
6226
6507
6208
6227
6508
6209
6228
6509
6229
6211
6230
6212
6231
6510
6213
6232
6511
6214
6233
6512
6215
6234
6513
6216
6235
6514
6217
6236
6515
6218
6237
6516
6219
6238
6517
6220
6239
6518
6221
6240
6519
6222
6241
6520
6223
6242
6521
6224
6243
6522
6225
6244
6523
6226
6245
6524
6227
6246
6525
6228
6247
6526
6229
6248
6527
6249
6231
6250
6232
6251
6528
6233
6252
6529
6234
6253
6530
6235
6254
6531
6236
6255
6532
6237
6256
6533
6238
6257
6534
6239
6258
6535
6240
6259
6536
6241
6260
6537
6242
6261
6538
6243
6262
6539
6244
6263
6540
6245
6264
6541
6246
6265
6542
6247
6266
6543
6248
6267
6544
6249
6268
6545
6269
6251
6270
6252
6271
6546
6253
6272
6547
6254
6273
6548
6255
6274
6549
6256
6275
6550
6257
6276
6551
6258
6277
6552
6259
6278
6553
6260
6279
6554
6261
6280
6555
6262
6281
6556
6263
6282
6557
6264
6283
6558
6265
6284
6559
6266
6285
6560
6267
6286
6561
6268
6287
6562
6269
6288
6563
6289
6271
6290
6272
6291
6564
6273
6292
6565
6274
6293
6566
6275
6294
6567
6276
6295
6568
6277
6296
6569
6278
6297
6570
6279
6298
6571
6280
6299
6572
6281
6300
6573
6282
6301
6574
6283
6302
6575
6284
6303
6576
6285
6304
6577
6286
6305
6578
6287
6306
6579
6288
6307
6580
6289
6308
6581
6309
6291
6292
6310
6582
6293
6311
6583
6294
6312
6584
6295
6313
6585
6296
6314
6586
6297
6315
6587
6298
6316
6588
6299
6317
6589
6300
6318
6590
6301
6319
6591
6302
6320
6592
6303
6321
6593
6304
6322
6594
6305
6323
6595
6306
6324
6596
6307
6325
6597
6308
6326
6598
6309
6327
6599
6311
6328
6600
6312
6329
6601
6313
6330
6602
6314
6331
6603
6315
6332
6604
6316
6333
6605
6317
6334
6606
6318
6335
6607
6319
6336
6608
6320
6337
6609
6321
6338
6610
6322
6339
6611
6323
6340
6612
6324
6341
6613
6325
6342
6614
6326
6343
6615
6327
6344
6616
6345
6617
6329
6330
6346
6618
6331
6347
6619
6332
6348
6620
6333
6349
6621
6334
6350
6622
6335
6351
6623
6336
6352
6624
6337
6353
6625
6338
6354
6626
6339
6355
6627
6340
6356
6628
6341
6357
6629
6342
6358
6630
6343
6359
6631
6344
6360
6632
6345
6361
6633
6347
6362
6634
6348
6363
6635
6349
6364
6636
6350
6365
6637
6351
6366
6638
6352
6367
6639
6353
6368
6640
6354
6369
6641
6355
6370
6642
6356
6371
6643
6357
6372
6644
6358
6373
6645
6359
6374
6646
6360
6375
6647
6361
6376
6648
6377
6649
6363
6364
6378
6650
6365
6379
6651
6366
6380
6652
6367
6381
6653
6368
6382
6654
6369
6383
6655
6370
6384
6656
6371
6385
6657
6372
6386
6658
6373
6387
6659
6374
6388
6660
6375
6389
6661
6376
6390
6662
6377
6391
6663
6379
6380
6664
6381
6392
6665
6382
6393
6666
6383
6394
6667
6384
6395
6668
6385
6396
6669
6386
6397
6670
6387
6398
6671
6388
6399
6672
6389
6400
6673
6390
6401
6674
6391
6675
6393
6394
6676
6395
6402
6677
6396
6403
6678
6397
6404
6679
6398
6405
6680
6399
6406
6681
6400
6407
6682
6401
6683
6403
6404
6405
6406
6407
6409
6418
6410
6419
6411
6420
6412
6421
6413
6422
6414
6423
6415
6424
6425
6417
6429
6418
6430
6419
6431
6684
6420
6432
6685
6421
6433
6686
6422
6434
6687
6423
6435
6688
6424
6436
6689
6425
6437
6690
6426
6438
6691
6427
6439
6440
6429
6443
6430
6444
6431
6445
6692
6432
6446
6693
6433
6447
6694
6434
6448
6695
6435
6449
6696
6436
6450
6697
6437
6451
6698
6438
6452
6699
6439
6453
6700
6440
6454
6701
6441
6455
6456
6443
6458
6444
6459
6445
6460
6702
6446
6461
6703
6447
6462
6704
6448
6463
6705
6449
6464
6706
6450
6465
6707
6451
6466
6708
6452
6467
6709
6453
6468
6710
6454
6469
6711
6455
6470
6712
6456
6471
6713
6457
6472
6473
6459
6475
6460
6476
6714
6461
6477
6715
6462
6478
6716
6463
6479
6717
6464
6480
6718
6465
6481
6719
6466
6482
6720
6467
6483
6721
6468
6484
6722
6469
6485
6723
6470
6486
6724
6471
6487
6725
6472
6488
6726
6473
6489
6727
6490
6475
6492
6476
6493
6728
6477
6494
6729
6478
6495
6730
6479
6496
6731
6480
6497
6732
6481
6498
6733
6482
6499
6734
6483
6500
6735
6484
6501
6736
6485
6502
6737
6486
6503
6738
6487
6504
6739
6488
6505
6740
6489
6506
6741
6490
6507
6742
6491
6508
6743
6509
6493
6510
6494
6511
6744
6495
6512
6745
6496
6513
6746
6497
6514
6747
6498
6515
6748
6499
6516
6749
6500
6517
6750
6501
6518
6751
6502
6519
6752
6503
6520
6753
6504
6521
6754
6505
6522
6755
6506
6523
6756
6507
6524
6757
6508
6525
6758
6509
6526
6759
6527
6511
6528
6512
6529
6760
6513
6530
6761
6514
6531
6762
6515
6532
6763
6516
6533
6764
6517
6534
6765
6518
6535
6766
6519
6536
6767
6520
6537
6768
6521
6538
6769
6522
6539
6770
6523
6540
6771
6524
6541
6772
6525
6542
6773
6526
6543
6774
6527
6544
6775
6545
6529
6546
6530
6547
6776
6531
6548
6777
6532
6549
6778
6533
6550
6779
6534
6551
6780
6535
6552
6781
6536
6553
6782
6537
6554
6783
6538
6555
6784
6539
6556
6785
6540
6557
6786
6541
6558
6787
6542
6559
6788
6543
6560
6789
6544
6561
6790
6545
6562
6791
6563
6547
6564
6548
6565
6792
6549
6566
6793
6550
6567
6794
6551
6568
6795
6552
6569
6796
6553
6570
6797
6554
6571
6798
6555
6572
6799
6556
6573
6800
6557
6574
6801
6558
6575
6802
6559
6576
6803
6560
6577
6804
6561
6578
6805
6562
6579
6806
6563
6580
6807
6581
6565
6582
6566
6583
6808
6567
6584
6809
6568
6585
6810
6569
6586
6811
6570
6587
6812
6571
6588
6813
6572
6589
6814
6573
6590
6815
6574
6591
6816
6575
6592
6817
6576
6593
6818
6577
6594
6819
6578
6595
6820
6579
6596
6821
6580
6597
6822
6581
6598
6823
6599
6583
6600
6584
6601
6824
6585
6602
6825
6586
6603
6826
6587
6604
6827
6588
6605
6828
6589
6606
6829
6590
6607
6830
6591
6608
6831
6592
6609
6832
6593
6610
6833
6594
6611
6834
6595
6612
6835
6596
6613
6836
6597
6614
6837
6598
6615
6838
6599
6616
6839
6617
6601
6602
6618
6840
6603
6619
6841
6604
6620
6842
6605
6621
6843
6606
6622
6844
6607
6623
6845
6608
6624
6846
6609
6625
6847
6610
6626
6848
6611
6627
6849
6612
6628
6850
6613
6629
6851
6614
6630
6852
6615
6631
6853
6616
6632
6854
6617
6633
6855
6619
6634
6620
6635
6856
6621
6636
6857
6622
6637
6858
6623
6638
6859
6624
6639
6860
6625
6640
6861
6626
6641
6862
6627
6642
6863
6628
6643
6864
6629
6644
6865
6630
6645
6866
6631
6646
6867
6632
6647
6868
6633
6648
6869
6649
6635
6636
6650
6637
6651
6870
6638
6652
6871
6639
6653
6872
6640
6654
6873
6641
6655
6874
6642
6656
6875
6643
6657
6876
6644
6658
6877
6645
6659
6878
6646
6660
6879
6647
6661
6880
6648
6662
6881
6649
6663
6651
6652
6664
6653
6665
6882
6654
6666
6883
6655
6667
6884
6656
6668
6885
6657
6669
6886
6658
6670
6887
6659
6671
6888
6660
6672
6889
6661
6673
6890
6662
6674
6891
6663
6675
6665
6666
6667
6676
6892
6668
6677
6893
6669
6678
6894
6670
6679
6895
6671
6680
6896
6672
6681
6897
6673
6682
6898
6674
6683
6899
6675
6677
6678
6679
6680
6681
6682
6683
6685
6693
6686
6694
6687
6695
6688
6696
6689
6697
6690
6698
6691
6699
6700
6693
6703
6694
6704
6695
6705
6900
6696
6706
6901
6697
6707
6902
6698
6708
6903
6699
6709
6904
6700
6710
6905
6701
6711
6712
6703
6715
6704
6716
6906
6705
6717
6907
6706
6718
6908
6707
6719
6909
6708
6720
6910
6709
6721
6911
6710
6722
6912
6711
6723
6913
6712
6724
6914
6713
6725
6915
6726
6715
6729
6716
6730
6916
6717
6731
6917
6718
6732
6918
6719
6733
6919
6720
6734
6920
6721
6735
6921
6722
6736
6922
6723
6737
6923
6724
6738
6924
6725
6739
6925
6726
6740
6926
6727
6741
6927
6742
6729
6744
6730
6745
6731
6746
6928
6732
6747
6929
6733
6748
6930
6734
6749
6931
6735
6750
6932
6736
6751
6933
6737
6752
6934
6738
6753
6935
6739
6754
6936
6740
6755
6937
6741
6756
6938
6742
6757
6939
6743
6758
6759
6745
6760
6746
6761
6940
6747
6762
6941
6748
6763
6942
6749
6764
6943
6750
6765
6944
6751
6766
6945
6752
6767
6946
6753
6768
6947
6754
6769
6948
6755
6770
6949
6756
6771
6950
6757
6772
6951
6758
6773
6952
6759
6774
6953
6775
6761
6776
6762
6777
6954
6763
6778
6955
6764
6779
6956
6765
6780
6957
6766
6781
6958
6767
6782
6959
6768
6783
6960
6769
6784
6961
6770
6785
6962
6771
6786
6963
6772
6787
6964
6773
6788
6965
6774
6789
6966
6775
6790
6967
6791
6777
6792
6778
6793
6968
6779
6794
6969
6780
6795
6970
6781
6796
6971
6782
6797
6972
6783
6798
6973
6784
6799
6974
6785
6800
6975
6786
6801
6976
6787
6802
6977
6788
6803
6978
6789
6804
6979
6790
6805
6980
6791
6806
6981
6807
6793
6808
6794
6809
6982
6795
6810
6983
6796
6811
6984
6797
6812
6985
6798
6813
6986
6799
6814
6987
6800
6815
6988
6801
6816
6989
6802
6817
6990
6803
6818
6991
6804
6819
6992
6805
6820
6993
6806
6821
6994
6807
6822
6995
6823
6809
6824
6810
6825
6996
6811
6826
6997
6812
6827
6998
6813
6828
6999
6814
6829
7000
6815
6830
7001
6816
6831
7002
6817
6832
7003
6818
6833
7004
6819
6834
7005
6820
6835
7006
6821
6836
7007
6822
6837
7008
6823
6838
7009
6839
6825
6840
6826
6841
7010
6827
6842
7011
6828
6843
7012
6829
6844
7013
6830
6845
7014
6831
6846
7015
6832
6847
7016
6833
6848
7017
6834
6849
7018
6835
6850
7019
6836
6851
7020
6837
6852
7021
6838
6853
7022
6839
6854
7023
6855
6841
6842
6856
6843
6857
7024
6844
6858
7025
6845
6859
7026
6846
6860
7027
6847
6861
7028
6848
6862
7029
6849
6863
7030
6850
6864
7031
6851
6865
7032
6852
6866
7033
6853
6867
7034
6854
6868
7035
6855
6869
6857
6858
6870
7036
6859
6871
7037
6860
6872
7038
6861
6873
7039
6862
6874
7040
6863
6875
7041
6864
6876
7042
6865
6877
7043
6866
6878
7044
6867
6879
7045
6868
6880
7046
6869
6881
7047
6871
6872
6882
7048
6873
6883
7049
6874
6884
7050
6875
6885
7051
6876
6886
7052
6877
6887
7053
6878
6888
7054
6879
6889
7055
6880
6890
7056
6881
6891
7057
6883
6884
6892
6885
6893
7058
6886
6894
7059
6887
6895
7060
6888
6896
7061
6889
6897
7062
6890
6898
7063
6891
6899
6893
6894
6895
6896
6897
6898
6899
6901
6908
6902
6909
6903
6910
6904
6911
6905
6912
6913
6907
6917
6908
6918
6909
6919
6910
6920
7064
6911
6921
7065
6912
6922
7066
6913
6923
7067
6914
6924
6915
6925
6926
6917
6928
6918
6929
6919
6930
7068
6920
6931
7069
6921
6932
7070
6922
6933
7071
6923
6934
7072
6924
6935
7073
6925
6936
7074
6926
6937
7075
6927
6938
6939
6929
6941
6930
6942
7076
6931
6943
7077
6932
6944
7078
6933
6945
7079
6934
6946
7080
6935
6947
7081
6936
6948
7082
6937
6949
7083
6938
6950
7084
6939
6951
7085
6952
6941
6954
6942
6955
6943
6956
7086
6944
6957
7087
6945
6958
7088
6946
6959
7089
6947
6960
7090
6948
6961
7091
6949
6962
7092
6950
6963
7093
6951
6964
7094
6952
6965
7095
6953
6966
6967
6955
6968
6956
6969
7096
6957
6970
7097
6958
6971
7098
6959
6972
7099
6960
6973
7100
6961
6974
7101
6962
6975
7102
6963
6976
7103
6964
6977
7104
6965
6978
7105
6966
6979
7106
6967
6980
7107
6981
6969
6982
6970
6983
7108
6971
6984
7109
6972
6985
7110
6973
6986
7111
6974
6987
7112
6975
6988
7113
6976
6989
7114
6977
6990
7115
6978
6991
7116
6979
6992
7117
6980
6993
7118
6981
6994
7119
6995
6983
6996
6984
6997
7120
6985
6998
7121
6986
6999
7122
6987
7000
7123
6988
7001
7124
6989
7002
7125
6990
7003
7126
6991
7004
7127
6992
7005
7128
6993
7006
7129
6994
7007
7130
6995
7008
7131
7009
6997
7010
6998
7011
7132
6999
7012
7133
7000
7013
7134
7001
7014
7135
7002
7015
7136
7003
7016
7137
7004
7017
7138
7005
7018
7139
7006
7019
7140
7007
7020
7141
7008
7021
7142
7009
7022
7143
7023
7011
7012
7024
7013
7025
7144
7014
7026
7145
7015
7027
7146
7016
7028
7147
7017
7029
7148
7018
7030
7149
7019
7031
7150
7020
7032
7151
7021
7033
7152
7022
7034
7153
7023
7035
7025
7036
7026
7037
7154
7027
7038
7155
7028
7039
7156
7029
7040
7157
7030
7041
7158
7031
7042
7159
7032
7043
7160
7033
7044
7161
7034
7045
7162
7035
7046
7163
7047
7037
7038
7048
7039
7049
7164
7040
7050
7165
7041
7051
7166
7042
7052
7167
7043
7053
7168
7044
7054
7169
7045
7055
7170
7046
7056
7171
7047
7057
7049
7050
7051
7058
7052
7059
7172
7053
7060
7173
7054
7061
7174
7055
7062
7175
7056
7063
7057
7059
7060
7061
7062
7063
7065
7070
7066
7071
7067
7072
7073
7069
7077
7070
7078
7071
7079
7072
7080
7073
7081
7074
7082
7075
7083
7084
7077
7086
7078
7087
7079
7088
7080
7089
7081
7090
7082
7091
7083
7092
7084
7093
7085
7094
7095
7087
7097
7088
7098
7089
7099
7090
7100
7176
7091
7101
7177
7092
7102
7178
7093
7103
7179
7094
7104
7095
7105
7106
7097
7108
7098
7109
7099
7110
7100
7111
7180
7101
7112
7181
7102
7113
7182
7103
7114
7183
7104
7115
7184
7105
7116
7185
7106
7117
7107
7118
7119
7109
7120
7110
7121
7111
7122
7112
7123
7186
7113
7124
7187
7114
7125
7188
7115
7126
7189
7116
7127
7190
7117
7128
7191
7118
7129
7119
7130
7131
7121
7132
7122
7133
7123
7134
7124
7135
7192
7125
7136
7193
7126
7137
7194
7127
7138
7195
7128
7139
7196
7129
7140
7197
7130
7141
7131
7142
7143
7133
7134
7144
7135
7145
7136
7146
7198
7137
7147
7199
7138
7148
7200
7139
7149
7201
7140
7150
7202
7141
7151
7203
7142
7152
7143
7153
7145
7154
7146
7155
7147
7156
7148
7157
7204
7149
7158
7205
7150
7159
7206
7151
7160
7207
7152
7161
7153
7162
7163
7155
7156
7164
7157
7165
7158
7166
7159
7167
7160
7168
7161
7169
7162
7170
7163
7171
7165
7166
7167
7172
7168
7173
7169
7174
7170
7175
7171
7173
7174
7175
7177
7181
7178
7182
7179
7183
7184
7181
7186
7182
7187
7183
7188
7184
7189
7185
7190
7191
7187
7192
7188
7193
7189
7194
7190
7195
7191
7196
7197
7193
7198
7194
7199
7195
7200
7196
7201
7197
7202
7203
7199
7200
7204
7201
7205
7202
7206
7203
7207
7205
7206
7207
)


// ************************************************************************* //
