/*--------------------------------*- C++ -*----------------------------------*\
  =========                 |
  \\      /  F ield         | OpenFOAM: The Open Source CFD Toolbox
   \\    /   O peration     | Website:  https://openfoam.org
    \\  /    A nd           | Version:  8
     \\/     M anipulation  |
\*---------------------------------------------------------------------------*/
FoamFile
{
    version     2.0;
    format      ascii;
    class       faceList;
    location    "constant/seperator/polyMesh";
    object      faces;
}
// * * * * * * * * * * * * * * * * * * * * * * * * * * * * * * * * * * * * * //


126
(
4(4 29 79 54)
4(5 30 80 55)
4(6 31 81 56)
4(7 32 82 57)
4(8 33 83 58)
4(9 34 84 59)
4(10 35 85 60)
4(11 36 86 61)
4(12 37 87 62)
4(13 38 88 63)
4(14 39 89 64)
4(15 40 90 65)
4(16 41 91 66)
4(17 42 92 67)
4(18 43 93 68)
4(19 44 94 69)
4(20 45 95 70)
4(21 46 96 71)
4(22 47 97 72)
4(23 48 98 73)
4(24 49 99 74)
4(25 50 100 75)
4(26 51 101 76)
4(27 52 102 77)
4(0 4 54 2)
4(4 5 55 54)
4(5 6 56 55)
4(6 7 57 56)
4(7 8 58 57)
4(8 9 59 58)
4(9 10 60 59)
4(10 11 61 60)
4(11 12 62 61)
4(12 13 63 62)
4(13 14 64 63)
4(14 15 65 64)
4(15 16 66 65)
4(16 17 67 66)
4(17 18 68 67)
4(18 19 69 68)
4(19 20 70 69)
4(20 21 71 70)
4(21 22 72 71)
4(22 23 73 72)
4(23 24 74 73)
4(24 25 75 74)
4(25 26 76 75)
4(26 27 77 76)
4(27 28 78 77)
4(1 3 79 29)
4(29 79 80 30)
4(30 80 81 31)
4(31 81 82 32)
4(32 82 83 33)
4(33 83 84 34)
4(34 84 85 35)
4(35 85 86 36)
4(36 86 87 37)
4(37 87 88 38)
4(38 88 89 39)
4(39 89 90 40)
4(40 90 91 41)
4(41 91 92 42)
4(42 92 93 43)
4(43 93 94 44)
4(44 94 95 45)
4(45 95 96 46)
4(46 96 97 47)
4(47 97 98 48)
4(48 98 99 49)
4(49 99 100 50)
4(50 100 101 51)
4(51 101 102 52)
4(52 102 103 53)
4(0 1 29 4)
4(4 29 30 5)
4(5 30 31 6)
4(6 31 32 7)
4(7 32 33 8)
4(8 33 34 9)
4(9 34 35 10)
4(10 35 36 11)
4(11 36 37 12)
4(12 37 38 13)
4(13 38 39 14)
4(14 39 40 15)
4(15 40 41 16)
4(16 41 42 17)
4(17 42 43 18)
4(18 43 44 19)
4(19 44 45 20)
4(20 45 46 21)
4(21 46 47 22)
4(22 47 48 23)
4(23 48 49 24)
4(24 49 50 25)
4(25 50 51 26)
4(26 51 52 27)
4(27 52 53 28)
4(2 54 79 3)
4(54 55 80 79)
4(55 56 81 80)
4(56 57 82 81)
4(57 58 83 82)
4(58 59 84 83)
4(59 60 85 84)
4(60 61 86 85)
4(61 62 87 86)
4(62 63 88 87)
4(63 64 89 88)
4(64 65 90 89)
4(65 66 91 90)
4(66 67 92 91)
4(67 68 93 92)
4(68 69 94 93)
4(69 70 95 94)
4(70 71 96 95)
4(71 72 97 96)
4(72 73 98 97)
4(73 74 99 98)
4(74 75 100 99)
4(75 76 101 100)
4(76 77 102 101)
4(77 78 103 102)
4(0 2 3 1)
4(28 53 103 78)
)


// ************************************************************************* //
