/*--------------------------------*- C++ -*----------------------------------*\
  =========                 |
  \\      /  F ield         | OpenFOAM: The Open Source CFD Toolbox
   \\    /   O peration     | Website:  https://openfoam.org
    \\  /    A nd           | Version:  8
     \\/     M anipulation  |
\*---------------------------------------------------------------------------*/
FoamFile
{
    version     2.0;
    format      ascii;
    class       vectorField;
    location    "constant/seperator/polyMesh";
    object      points;
}
// * * * * * * * * * * * * * * * * * * * * * * * * * * * * * * * * * * * * * //


104
(
(8.8e-05 0 0)
(8.8e-05 3e-05 0)
(8.8e-05 0 1e-05)
(8.8e-05 3e-05 1e-05)
(8.9e-05 0 0)
(9e-05 0 0)
(9.1e-05 0 0)
(9.2e-05 0 0)
(9.3e-05 0 0)
(9.4e-05 0 0)
(9.5e-05 0 0)
(9.6e-05 0 0)
(9.7e-05 0 0)
(9.8e-05 0 0)
(9.9e-05 0 0)
(0.0001 0 0)
(0.000101 0 0)
(0.000102 0 0)
(0.000103 0 0)
(0.000104 0 0)
(0.000105 0 0)
(0.000106 0 0)
(0.000107 0 0)
(0.000108 0 0)
(0.000109 0 0)
(0.00011 0 0)
(0.000111 0 0)
(0.000112 0 0)
(0.000113 0 0)
(8.9e-05 3e-05 0)
(9e-05 3e-05 0)
(9.1e-05 3e-05 0)
(9.2e-05 3e-05 0)
(9.3e-05 3e-05 0)
(9.4e-05 3e-05 0)
(9.5e-05 3e-05 0)
(9.6e-05 3e-05 0)
(9.7e-05 3e-05 0)
(9.8e-05 3e-05 0)
(9.9e-05 3e-05 0)
(0.0001 3e-05 0)
(0.000101 3e-05 0)
(0.000102 3e-05 0)
(0.000103 3e-05 0)
(0.000104 3e-05 0)
(0.000105 3e-05 0)
(0.000106 3e-05 0)
(0.000107 3e-05 0)
(0.000108 3e-05 0)
(0.000109 3e-05 0)
(0.00011 3e-05 0)
(0.000111 3e-05 0)
(0.000112 3e-05 0)
(0.000113 3e-05 0)
(8.9e-05 0 1e-05)
(9e-05 0 1e-05)
(9.1e-05 0 1e-05)
(9.2e-05 0 1e-05)
(9.3e-05 0 1e-05)
(9.4e-05 0 1e-05)
(9.5e-05 0 1e-05)
(9.6e-05 0 1e-05)
(9.7e-05 0 1e-05)
(9.8e-05 0 1e-05)
(9.9e-05 0 1e-05)
(0.0001 0 1e-05)
(0.000101 0 1e-05)
(0.000102 0 1e-05)
(0.000103 0 1e-05)
(0.000104 0 1e-05)
(0.000105 0 1e-05)
(0.000106 0 1e-05)
(0.000107 0 1e-05)
(0.000108 0 1e-05)
(0.000109 0 1e-05)
(0.00011 0 1e-05)
(0.000111 0 1e-05)
(0.000112 0 1e-05)
(0.000113 0 1e-05)
(8.9e-05 3e-05 1e-05)
(9e-05 3e-05 1e-05)
(9.1e-05 3e-05 1e-05)
(9.2e-05 3e-05 1e-05)
(9.3e-05 3e-05 1e-05)
(9.4e-05 3e-05 1e-05)
(9.5e-05 3e-05 1e-05)
(9.6e-05 3e-05 1e-05)
(9.7e-05 3e-05 1e-05)
(9.8e-05 3e-05 1e-05)
(9.9e-05 3e-05 1e-05)
(0.0001 3e-05 1e-05)
(0.000101 3e-05 1e-05)
(0.000102 3e-05 1e-05)
(0.000103 3e-05 1e-05)
(0.000104 3e-05 1e-05)
(0.000105 3e-05 1e-05)
(0.000106 3e-05 1e-05)
(0.000107 3e-05 1e-05)
(0.000108 3e-05 1e-05)
(0.000109 3e-05 1e-05)
(0.00011 3e-05 1e-05)
(0.000111 3e-05 1e-05)
(0.000112 3e-05 1e-05)
(0.000113 3e-05 1e-05)
)


// ************************************************************************* //
