/*--------------------------------*- C++ -*----------------------------------*\
  =========                 |
  \\      /  F ield         | OpenFOAM: The Open Source CFD Toolbox
   \\    /   O peration     | Website:  https://openfoam.org
    \\  /    A nd           | Version:  6
     \\/     M anipulation  |
\*---------------------------------------------------------------------------*/
FoamFile
{
    version     2.0;
    format      ascii;
    class       faceList;
    location    "constant/polyMesh";
    object      faces;
}
// * * * * * * * * * * * * * * * * * * * * * * * * * * * * * * * * * * * * * //


141
(
4(1 20 58 39)
4(2 21 59 40)
4(3 22 60 41)
4(4 23 61 42)
4(5 24 62 43)
4(6 25 63 44)
4(7 26 64 45)
4(8 27 65 46)
4(9 28 66 47)
4(10 29 67 48)
4(11 30 68 49)
4(12 31 69 50)
4(13 32 70 51)
4(14 33 71 52)
4(15 34 72 53)
4(16 35 73 54)
4(17 36 74 55)
4(18 37 75 56)
4(76 86 106 96)
4(77 87 107 97)
4(78 88 108 98)
4(79 89 109 99)
4(80 90 110 100)
4(81 91 111 101)
4(82 92 112 102)
4(83 93 113 103)
4(84 94 114 104)
4(0 38 57 19)
4(85 95 115 105)
4(0 1 39 38)
4(1 2 40 39)
4(2 3 41 40)
4(3 4 42 41)
4(4 5 43 42)
4(5 6 44 43)
4(6 7 45 44)
4(7 8 46 45)
4(8 9 47 46)
4(9 10 48 47)
4(10 11 49 48)
4(11 12 50 49)
4(12 13 51 50)
4(13 14 52 51)
4(14 15 53 52)
4(15 16 54 53)
4(16 17 55 54)
4(17 18 56 55)
4(18 76 96 56)
4(76 77 97 96)
4(77 78 98 97)
4(78 79 99 98)
4(79 80 100 99)
4(80 81 101 100)
4(81 82 102 101)
4(82 83 103 102)
4(83 84 104 103)
4(84 85 105 104)
4(19 57 58 20)
4(20 58 59 21)
4(21 59 60 22)
4(22 60 61 23)
4(23 61 62 24)
4(24 62 63 25)
4(25 63 64 26)
4(26 64 65 27)
4(27 65 66 28)
4(28 66 67 29)
4(29 67 68 30)
4(30 68 69 31)
4(31 69 70 32)
4(32 70 71 33)
4(33 71 72 34)
4(34 72 73 35)
4(35 73 74 36)
4(36 74 75 37)
4(37 75 106 86)
4(86 106 107 87)
4(87 107 108 88)
4(88 108 109 89)
4(89 109 110 90)
4(90 110 111 91)
4(91 111 112 92)
4(92 112 113 93)
4(93 113 114 94)
4(94 114 115 95)
4(0 19 20 1)
4(1 20 21 2)
4(2 21 22 3)
4(3 22 23 4)
4(4 23 24 5)
4(5 24 25 6)
4(6 25 26 7)
4(7 26 27 8)
4(8 27 28 9)
4(9 28 29 10)
4(10 29 30 11)
4(11 30 31 12)
4(12 31 32 13)
4(13 32 33 14)
4(14 33 34 15)
4(15 34 35 16)
4(16 35 36 17)
4(17 36 37 18)
4(18 37 86 76)
4(76 86 87 77)
4(77 87 88 78)
4(78 88 89 79)
4(79 89 90 80)
4(80 90 91 81)
4(81 91 92 82)
4(82 92 93 83)
4(83 93 94 84)
4(84 94 95 85)
4(38 39 58 57)
4(39 40 59 58)
4(40 41 60 59)
4(41 42 61 60)
4(42 43 62 61)
4(43 44 63 62)
4(44 45 64 63)
4(45 46 65 64)
4(46 47 66 65)
4(47 48 67 66)
4(48 49 68 67)
4(49 50 69 68)
4(50 51 70 69)
4(51 52 71 70)
4(52 53 72 71)
4(53 54 73 72)
4(54 55 74 73)
4(55 56 75 74)
4(56 96 106 75)
4(96 97 107 106)
4(97 98 108 107)
4(98 99 109 108)
4(99 100 110 109)
4(100 101 111 110)
4(101 102 112 111)
4(102 103 113 112)
4(103 104 114 113)
4(104 105 115 114)
)


// ************************************************************************* //
