/*--------------------------------*- C++ -*----------------------------------*\
  =========                 |
  \\      /  F ield         | OpenFOAM: The Open Source CFD Toolbox
   \\    /   O peration     | Website:  https://openfoam.org
    \\  /    A nd           | Version:  8
     \\/     M anipulation  |
\*---------------------------------------------------------------------------*/
FoamFile
{
    version     2.0;
    format      ascii;
    class       cellSet;
    location    "constant/polyMesh/sets";
    object      solidPhaseCellSet;
}
// * * * * * * * * * * * * * * * * * * * * * * * * * * * * * * * * * * * * * //


7208
(
32768 
32769 
32770 
32771 
32772 
32773 
32774 
32775 
32776 
32777 
32778 
32779 
32780 
32781 
32782 
32783 
32784 
32785 
32786 
32787 
32788 
32789 
32790 
32791 
32808 
32809 
32810 
32811 
32812 
32813 
32814 
32815 
32816 
32817 
32818 
32819 
32820 
32821 
32822 
32823 
32824 
32825 
32826 
32827 
32828 
32829 
32830 
32831 
32848 
32849 
32850 
32851 
32852 
32853 
32854 
32855 
32856 
32857 
32858 
32859 
32860 
32861 
32862 
32863 
32864 
32865 
32866 
32867 
32868 
32869 
32870 
32871 
32888 
32889 
32890 
32891 
32892 
32893 
32894 
32895 
32896 
32897 
32898 
32899 
32900 
32901 
32902 
32903 
32904 
32905 
32906 
32907 
32908 
32909 
32910 
32911 
16537 
16538 
16539 
16540 
16541 
16542 
32929 
32930 
32931 
32932 
32933 
32934 
32935 
32936 
32937 
32938 
32939 
32940 
32941 
32942 
32943 
32944 
32945 
32946 
32947 
32948 
32949 
32950 
16575 
16576 
16577 
16578 
16579 
16580 
16581 
16582 
16583 
16584 
32969 
32970 
32971 
32972 
32973 
32974 
32975 
32976 
32977 
32978 
32979 
32980 
32981 
32982 
32983 
32984 
32985 
32986 
32987 
32988 
32989 
32990 
16614 
16615 
16616 
16617 
16618 
16619 
16620 
16621 
16622 
16623 
16624 
33009 
16625 
33010 
33011 
33012 
33013 
33014 
33015 
33016 
33017 
33018 
33019 
33020 
33021 
33022 
33023 
33024 
33025 
33026 
33027 
33028 
33029 
33030 
16654 
16655 
16656 
16657 
16658 
16659 
16660 
16661 
16662 
16663 
16664 
16665 
33050 
33051 
33052 
33053 
33054 
33055 
33056 
33057 
33058 
33059 
33060 
33061 
33062 
33063 
33064 
33065 
33066 
33067 
33068 
33069 
16693 
16694 
16695 
16696 
16697 
16698 
16699 
16700 
16701 
16702 
16703 
16704 
16705 
16706 
33091 
33092 
33093 
33094 
33095 
33096 
33097 
33098 
33099 
33100 
33101 
33102 
33103 
33104 
33105 
33106 
33107 
33108 
16733 
16734 
16735 
16736 
16737 
16738 
16739 
16740 
16741 
16742 
16743 
16744 
16745 
16746 
33132 
33133 
33134 
33135 
33136 
33137 
33138 
33139 
33140 
33141 
33142 
33143 
33144 
33145 
33146 
33147 
16773 
16774 
16775 
16776 
16777 
16778 
16779 
16780 
16781 
16782 
16783 
16784 
16785 
16786 
33173 
33174 
33175 
33176 
33177 
33178 
33179 
33180 
33181 
33182 
33183 
33184 
33185 
33186 
16813 
16814 
16815 
16816 
16817 
16818 
16819 
16820 
16821 
16822 
16823 
16824 
16825 
16826 
33214 
33215 
33216 
33217 
33218 
33219 
33220 
33221 
33222 
33223 
33224 
33225 
16853 
16854 
16855 
16856 
16857 
16858 
16859 
16860 
16861 
16862 
16863 
16864 
16865 
16866 
33257 
33258 
33259 
33260 
33261 
33262 
16893 
16894 
16895 
16896 
16897 
16898 
16899 
16900 
16901 
16902 
16903 
16904 
16905 
16906 
16934 
16935 
16936 
16937 
16938 
16939 
16940 
16941 
16942 
16943 
16944 
16945 
16974 
16975 
16976 
16977 
16978 
16979 
16980 
16981 
16982 
16983 
16984 
16985 
17015 
17016 
17017 
17018 
17019 
17020 
17021 
17022 
17023 
17024 
17057 
17058 
17059 
17060 
17061 
17062 
50298 
50299 
50300 
50301 
33937 
33938 
33939 
33940 
33941 
33942 
50337 
50338 
50339 
50340 
50341 
50342 
33974 
33975 
33976 
33977 
33978 
33979 
33980 
33981 
33982 
33983 
33984 
33985 
50377 
50378 
50379 
50380 
50381 
50382 
34013 
34014 
34015 
34016 
34017 
34018 
34019 
34020 
34021 
34022 
34023 
34024 
34025 
34026 
50417 
50418 
50419 
50420 
50421 
50422 
34052 
34053 
34054 
34055 
34056 
34057 
34058 
34059 
34060 
34061 
34062 
34063 
34064 
34065 
34066 
34067 
50457 
50458 
50459 
50460 
50461 
50462 
34091 
34092 
34093 
34094 
34095 
34096 
34097 
34098 
34099 
34100 
34101 
34102 
34103 
34104 
34105 
34106 
34107 
34108 
50498 
50499 
50500 
50501 
34130 
34131 
34132 
34133 
34134 
34135 
34136 
34137 
34138 
34139 
34140 
34141 
34142 
34143 
34144 
34145 
34146 
34147 
34148 
34149 
34169 
34170 
34171 
34172 
34173 
34174 
34175 
34176 
34177 
34178 
34179 
34180 
34181 
34182 
34183 
34184 
34185 
34186 
34187 
34188 
34189 
34190 
34209 
34210 
34211 
34212 
34213 
34214 
34215 
34216 
34217 
34218 
34219 
34220 
34221 
34222 
34223 
34224 
34225 
34226 
34227 
34228 
34229 
34230 
34249 
34250 
34251 
34252 
34253 
34254 
34255 
34256 
34257 
34258 
34259 
34260 
34261 
34262 
34263 
34264 
34265 
34266 
34267 
34268 
34269 
34270 
34288 
34289 
34290 
34291 
34292 
34293 
34294 
34295 
34296 
34297 
34298 
34299 
34300 
34301 
34302 
34303 
34304 
34305 
34306 
34307 
34308 
34309 
34310 
34311 
34328 
34329 
34330 
34331 
34332 
34333 
34334 
34335 
34336 
34337 
34338 
34339 
34340 
34341 
34342 
34343 
34344 
34345 
34346 
34347 
34348 
34349 
34350 
34351 
34368 
34369 
34370 
34371 
34372 
34373 
34374 
34375 
34376 
34377 
34378 
34379 
34380 
34381 
34382 
34383 
34384 
34385 
34386 
34387 
34388 
34389 
34390 
34391 
34408 
34409 
34410 
34411 
34412 
34413 
34414 
34415 
34416 
34417 
34418 
34419 
34420 
34421 
34422 
34423 
34424 
34425 
34426 
34427 
34428 
34429 
34430 
34431 
34448 
34449 
34450 
34451 
34452 
34453 
34454 
34455 
34456 
34457 
34458 
34459 
34460 
34461 
34462 
34463 
34464 
34465 
34466 
34467 
34468 
34469 
34470 
34471 
18096 
18097 
18098 
18099 
18100 
18101 
18102 
18103 
34488 
34489 
34490 
34491 
34492 
34493 
34494 
34495 
34496 
34497 
34498 
34499 
34500 
34501 
34502 
34503 
34504 
34505 
34506 
34507 
34508 
34509 
34510 
34511 
18135 
18136 
18137 
18138 
18139 
18140 
18141 
18142 
18143 
18144 
34529 
34530 
34531 
34532 
34533 
34534 
34535 
34536 
34537 
34538 
34539 
34540 
34541 
34542 
34543 
34544 
34545 
34546 
34547 
34548 
34549 
34550 
18174 
18175 
18176 
18177 
18178 
18179 
18180 
18181 
18182 
18183 
18184 
34569 
18185 
34570 
34571 
34572 
34573 
34574 
34575 
34576 
34577 
34578 
34579 
34580 
34581 
34582 
34583 
34584 
34585 
34586 
34587 
34588 
34589 
34590 
18213 
18214 
18215 
18216 
18217 
18218 
18219 
18220 
18221 
18222 
18223 
18224 
34609 
18225 
34610 
18226 
34611 
34612 
34613 
34614 
34615 
34616 
34617 
34618 
34619 
34620 
34621 
34622 
34623 
34624 
34625 
34626 
34627 
34628 
34629 
34630 
18252 
18253 
18254 
18255 
18256 
18257 
18258 
18259 
18260 
18261 
18262 
18263 
18264 
18265 
34650 
18266 
34651 
18267 
34652 
34653 
34654 
34655 
34656 
34657 
34658 
34659 
34660 
34661 
34662 
34663 
34664 
34665 
34666 
34667 
34668 
34669 
18292 
18293 
18294 
18295 
18296 
18297 
18298 
18299 
18300 
18301 
18302 
18303 
18304 
18305 
18306 
34691 
18307 
34692 
34693 
34694 
34695 
34696 
34697 
34698 
34699 
34700 
34701 
34702 
34703 
34704 
34705 
34706 
34707 
34708 
18332 
18333 
18334 
18335 
18336 
18337 
18338 
18339 
18340 
18341 
18342 
18343 
18344 
18345 
18346 
18347 
34732 
34733 
34734 
34735 
34736 
34737 
34738 
34739 
34740 
34741 
34742 
34743 
34744 
34745 
34746 
34747 
18372 
18373 
18374 
18375 
18376 
18377 
18378 
18379 
18380 
18381 
18382 
18383 
18384 
18385 
18386 
18387 
34773 
34774 
34775 
34776 
34777 
34778 
34779 
34780 
34781 
34782 
34783 
34784 
34785 
34786 
18412 
18413 
18414 
18415 
18416 
18417 
18418 
18419 
18420 
18421 
18422 
18423 
18424 
18425 
18426 
18427 
34814 
34815 
34816 
34817 
34818 
34819 
34820 
34821 
34822 
34823 
34824 
34825 
18452 
18453 
18454 
18455 
18456 
18457 
18458 
18459 
18460 
18461 
18462 
18463 
18464 
18465 
18466 
18467 
34857 
34858 
34859 
34860 
34861 
34862 
18492 
18493 
18494 
18495 
18496 
18497 
18498 
18499 
18500 
18501 
18502 
18503 
18504 
18505 
18506 
18507 
18532 
18533 
18534 
18535 
18536 
18537 
18538 
18539 
18540 
18541 
18542 
18543 
18544 
18545 
18546 
18547 
18573 
18574 
18575 
18576 
18577 
18578 
18579 
18580 
18581 
18582 
18583 
18584 
18585 
18586 
18614 
18615 
18616 
18617 
18618 
18619 
18620 
18621 
18622 
18623 
18624 
18625 
18655 
18656 
18657 
18658 
18659 
18660 
18661 
18662 
18663 
18664 
18696 
18697 
18698 
18699 
18700 
18701 
18702 
18703 
35538 
35539 
35540 
35541 
35575 
35576 
35577 
35578 
35579 
35580 
35581 
35582 
35583 
35584 
35613 
35614 
35615 
35616 
35617 
35618 
35619 
35620 
35621 
35622 
35623 
35624 
35625 
35626 
35652 
35653 
35654 
35655 
35656 
35657 
35658 
35659 
35660 
35661 
35662 
35663 
35664 
35665 
35666 
35667 
35691 
35692 
35693 
35694 
35695 
35696 
35697 
35698 
35699 
35700 
35701 
35702 
35703 
35704 
35705 
35706 
35707 
35708 
35730 
35731 
35732 
35733 
35734 
35735 
35736 
35737 
35738 
35739 
35740 
35741 
35742 
35743 
35744 
35745 
35746 
35747 
35748 
35749 
35770 
35771 
35772 
35773 
35774 
35775 
35776 
35777 
35778 
35779 
35780 
35781 
35782 
35783 
35784 
35785 
35786 
35787 
35788 
35789 
35809 
35810 
35811 
35812 
35813 
35814 
35815 
35816 
35817 
35818 
35819 
35820 
35821 
35822 
35823 
35824 
35825 
35826 
35827 
35828 
35829 
35830 
35849 
35850 
35851 
35852 
35853 
35854 
35855 
35856 
35857 
35858 
35859 
35860 
35861 
35862 
35863 
35864 
35865 
35866 
35867 
35868 
35869 
35870 
35889 
35890 
35891 
35892 
35893 
35894 
35895 
35896 
35897 
35898 
35899 
35900 
35901 
35902 
35903 
35904 
35905 
35906 
35907 
35908 
35909 
35910 
35928 
35929 
35930 
35931 
35932 
35933 
35934 
35935 
35936 
35937 
35938 
35939 
35940 
35941 
35942 
35943 
35944 
35945 
35946 
35947 
35948 
35949 
35950 
35951 
35968 
35969 
35970 
35971 
35972 
35973 
35974 
35975 
35976 
35977 
35978 
35979 
35980 
35981 
35982 
35983 
35984 
35985 
35986 
35987 
35988 
35989 
35990 
35991 
36008 
36009 
36010 
36011 
36012 
36013 
36014 
36015 
36016 
36017 
36018 
36019 
36020 
36021 
36022 
36023 
36024 
36025 
36026 
36027 
36028 
36029 
36030 
36031 
19656 
19657 
19658 
19659 
19660 
19661 
19662 
19663 
36048 
36049 
36050 
36051 
36052 
36053 
36054 
36055 
36056 
36057 
36058 
36059 
36060 
36061 
36062 
36063 
36064 
36065 
36066 
36067 
36068 
36069 
36070 
36071 
19694 
19695 
19696 
19697 
19698 
19699 
19700 
19701 
19702 
19703 
19704 
36089 
19705 
36090 
36091 
36092 
36093 
36094 
36095 
36096 
36097 
36098 
36099 
36100 
36101 
36102 
36103 
36104 
36105 
36106 
36107 
36108 
36109 
36110 
19733 
19734 
19735 
19736 
19737 
19738 
19739 
19740 
19741 
19742 
19743 
19744 
36129 
19745 
36130 
19746 
36131 
36132 
36133 
36134 
36135 
36136 
36137 
36138 
36139 
36140 
36141 
36142 
36143 
36144 
36145 
36146 
36147 
36148 
36149 
36150 
19772 
19773 
19774 
19775 
19776 
19777 
19778 
19779 
19780 
19781 
19782 
19783 
19784 
36169 
19785 
36170 
19786 
36171 
19787 
36172 
36173 
36174 
36175 
36176 
36177 
36178 
36179 
36180 
36181 
36182 
36183 
36184 
36185 
36186 
36187 
36188 
36189 
36190 
19812 
19813 
19814 
19815 
19816 
19817 
19818 
19819 
19820 
19821 
19822 
19823 
19824 
19825 
36210 
19826 
36211 
19827 
36212 
36213 
36214 
36215 
36216 
36217 
36218 
36219 
36220 
36221 
36222 
36223 
36224 
36225 
36226 
36227 
36228 
36229 
19851 
19852 
19853 
19854 
19855 
19856 
19857 
19858 
19859 
19860 
19861 
19862 
19863 
19864 
19865 
36250 
19866 
36251 
19867 
36252 
19868 
36253 
36254 
36255 
36256 
36257 
36258 
36259 
36260 
36261 
36262 
36263 
36264 
36265 
36266 
36267 
36268 
36269 
19891 
19892 
19893 
19894 
19895 
19896 
19897 
19898 
19899 
19900 
19901 
19902 
19903 
19904 
19905 
19906 
36291 
19907 
36292 
19908 
36293 
36294 
36295 
36296 
36297 
36298 
36299 
36300 
36301 
36302 
36303 
36304 
36305 
36306 
36307 
36308 
19931 
19932 
19933 
19934 
19935 
19936 
19937 
19938 
19939 
19940 
19941 
19942 
19943 
19944 
19945 
19946 
19947 
36332 
19948 
36333 
36334 
36335 
36336 
36337 
36338 
36339 
36340 
36341 
36342 
36343 
36344 
36345 
36346 
36347 
19971 
19972 
19973 
19974 
19975 
19976 
19977 
19978 
19979 
19980 
19981 
19982 
19983 
19984 
19985 
19986 
19987 
19988 
36373 
36374 
36375 
36376 
36377 
36378 
36379 
36380 
36381 
36382 
36383 
36384 
36385 
36386 
20011 
20012 
20013 
20014 
20015 
20016 
20017 
20018 
20019 
20020 
20021 
20022 
20023 
20024 
20025 
20026 
20027 
20028 
36415 
36416 
36417 
36418 
36419 
36420 
36421 
36422 
36423 
36424 
20051 
20052 
20053 
20054 
20055 
20056 
20057 
20058 
20059 
20060 
20061 
20062 
20063 
20064 
20065 
20066 
20067 
20068 
36458 
36459 
36460 
36461 
20091 
20092 
20093 
20094 
20095 
20096 
20097 
20098 
20099 
20100 
20101 
20102 
20103 
20104 
20105 
20106 
20107 
20108 
20131 
20132 
20133 
20134 
20135 
20136 
20137 
20138 
20139 
20140 
20141 
20142 
20143 
20144 
20145 
20146 
20147 
20148 
20172 
20173 
20174 
20175 
20176 
20177 
20178 
20179 
20180 
20181 
20182 
20183 
20184 
20185 
20186 
20187 
20212 
20213 
20214 
20215 
20216 
20217 
20218 
20219 
20220 
20221 
20222 
20223 
20224 
20225 
20226 
20227 
20253 
20254 
20255 
20256 
20257 
20258 
20259 
20260 
20261 
20262 
20263 
20264 
20265 
20266 
20294 
20295 
20296 
20297 
20298 
20299 
20300 
20301 
20302 
20303 
20304 
20305 
20336 
20337 
20338 
20339 
20340 
20341 
20342 
20343 
37175 
37176 
37177 
37178 
37179 
37180 
37181 
37182 
37183 
37184 
37214 
37215 
37216 
37217 
37218 
37219 
37220 
37221 
37222 
37223 
37224 
37225 
37252 
37253 
37254 
37255 
37256 
37257 
37258 
37259 
37260 
37261 
37262 
37263 
37264 
37265 
37266 
37267 
37291 
37292 
37293 
37294 
37295 
37296 
37297 
37298 
37299 
37300 
37301 
37302 
37303 
37304 
37305 
37306 
37307 
37308 
37331 
37332 
37333 
37334 
37335 
37336 
37337 
37338 
37339 
37340 
37341 
37342 
37343 
37344 
37345 
37346 
37347 
37348 
37370 
37371 
37372 
37373 
37374 
37375 
37376 
37377 
37378 
37379 
37380 
37381 
37382 
37383 
37384 
37385 
37386 
37387 
37388 
37389 
37409 
37410 
37411 
37412 
37413 
37414 
37415 
37416 
37417 
37418 
37419 
37420 
37421 
37422 
37423 
37424 
37425 
37426 
37427 
37428 
37429 
37430 
37449 
37450 
37451 
37452 
37453 
37454 
37455 
37456 
37457 
37458 
37459 
37460 
37461 
37462 
37463 
37464 
37465 
37466 
37467 
37468 
37469 
37470 
37489 
37490 
37491 
37492 
37493 
37494 
37495 
37496 
37497 
37498 
37499 
37500 
37501 
37502 
37503 
37504 
37505 
37506 
37507 
37508 
37509 
37510 
37529 
37530 
37531 
37532 
37533 
37534 
37535 
37536 
37537 
37538 
37539 
37540 
37541 
37542 
37543 
37544 
37545 
37546 
37547 
37548 
37549 
37550 
37569 
37570 
37571 
37572 
37573 
37574 
37575 
37576 
37577 
37578 
37579 
37580 
37581 
37582 
37583 
37584 
37585 
37586 
37587 
37588 
37589 
37590 
21217 
21218 
21219 
21220 
21221 
21222 
37609 
37610 
37611 
37612 
37613 
37614 
37615 
37616 
37617 
37618 
37619 
37620 
37621 
37622 
37623 
37624 
37625 
37626 
37627 
37628 
37629 
37630 
21255 
21256 
21257 
21258 
21259 
21260 
21261 
21262 
21263 
21264 
37649 
37650 
37651 
37652 
37653 
37654 
37655 
37656 
37657 
37658 
37659 
37660 
37661 
37662 
37663 
37664 
37665 
37666 
37667 
37668 
37669 
37670 
21293 
21294 
21295 
21296 
21297 
21298 
21299 
21300 
21301 
21302 
21303 
21304 
37689 
21305 
37690 
21306 
37691 
37692 
37693 
37694 
37695 
37696 
37697 
37698 
37699 
37700 
37701 
37702 
37703 
37704 
37705 
37706 
37707 
37708 
37709 
37710 
21332 
21333 
21334 
21335 
21336 
21337 
21338 
21339 
21340 
21341 
21342 
21343 
21344 
37729 
21345 
37730 
21346 
37731 
21347 
37732 
37733 
37734 
37735 
37736 
37737 
37738 
37739 
37740 
37741 
37742 
37743 
37744 
37745 
37746 
37747 
37748 
37749 
37750 
21372 
21373 
21374 
21375 
21376 
21377 
21378 
21379 
21380 
21381 
21382 
21383 
21384 
37769 
21385 
37770 
21386 
37771 
21387 
37772 
37773 
37774 
37775 
37776 
37777 
37778 
37779 
37780 
37781 
37782 
37783 
37784 
37785 
37786 
37787 
37788 
37789 
37790 
21411 
21412 
21413 
21414 
21415 
21416 
21417 
21418 
21419 
21420 
21421 
21422 
21423 
21424 
21425 
37810 
21426 
37811 
21427 
37812 
21428 
37813 
37814 
37815 
37816 
37817 
37818 
37819 
37820 
37821 
37822 
37823 
37824 
37825 
37826 
37827 
37828 
37829 
21451 
21452 
21453 
21454 
21455 
21456 
21457 
21458 
21459 
21460 
21461 
21462 
21463 
21464 
21465 
21466 
37851 
21467 
37852 
21468 
37853 
37854 
37855 
37856 
37857 
37858 
37859 
37860 
37861 
37862 
37863 
37864 
37865 
37866 
37867 
37868 
21490 
21491 
21492 
21493 
21494 
21495 
21496 
21497 
21498 
21499 
21500 
21501 
21502 
21503 
21504 
21505 
21506 
37891 
21507 
37892 
21508 
37893 
21509 
37894 
37895 
37896 
37897 
37898 
37899 
37900 
37901 
37902 
37903 
37904 
37905 
37906 
37907 
37908 
21530 
21531 
21532 
21533 
21534 
21535 
21536 
21537 
21538 
21539 
21540 
21541 
21542 
21543 
21544 
21545 
21546 
21547 
37932 
21548 
37933 
21549 
37934 
37935 
37936 
37937 
37938 
37939 
37940 
37941 
37942 
37943 
37944 
37945 
37946 
37947 
21570 
21571 
21572 
21573 
21574 
21575 
21576 
21577 
21578 
21579 
21580 
21581 
21582 
21583 
21584 
21585 
21586 
21587 
21588 
21589 
37974 
37975 
37976 
37977 
37978 
37979 
37980 
37981 
37982 
37983 
37984 
37985 
21610 
21611 
21612 
21613 
21614 
21615 
21616 
21617 
21618 
21619 
21620 
21621 
21622 
21623 
21624 
21625 
21626 
21627 
21628 
21629 
38015 
38016 
38017 
38018 
38019 
38020 
38021 
38022 
38023 
38024 
21650 
21651 
21652 
21653 
21654 
21655 
21656 
21657 
21658 
21659 
21660 
21661 
21662 
21663 
21664 
21665 
21666 
21667 
21668 
21669 
21690 
21691 
21692 
21693 
21694 
21695 
21696 
21697 
21698 
21699 
21700 
21701 
21702 
21703 
21704 
21705 
21706 
21707 
21708 
21709 
21731 
21732 
21733 
21734 
21735 
21736 
21737 
21738 
21739 
21740 
21741 
21742 
21743 
21744 
21745 
21746 
21747 
21748 
21771 
21772 
21773 
21774 
21775 
21776 
21777 
21778 
21779 
21780 
21781 
21782 
21783 
21784 
21785 
21786 
21787 
21788 
21812 
21813 
21814 
21815 
21816 
21817 
21818 
21819 
21820 
21821 
21822 
21823 
21824 
21825 
21826 
21827 
21852 
21853 
21854 
21855 
21856 
21857 
21858 
21859 
21860 
21861 
21862 
21863 
21864 
21865 
21866 
21867 
21893 
21894 
21895 
21896 
21897 
21898 
21899 
21900 
21901 
21902 
21903 
21904 
21905 
21906 
21935 
21936 
21937 
21938 
21939 
21940 
21941 
21942 
21943 
21944 
21977 
21978 
21979 
21980 
21981 
21982 
38776 
38777 
38778 
38779 
38780 
38781 
38782 
38783 
38814 
38815 
38816 
38817 
38818 
38819 
38820 
38821 
38822 
38823 
38824 
38825 
38853 
38854 
38855 
38856 
38857 
38858 
38859 
38860 
38861 
38862 
38863 
38864 
38865 
38866 
38892 
38893 
38894 
38895 
38896 
38897 
38898 
38899 
38900 
38901 
38902 
38903 
38904 
38905 
38906 
38907 
38931 
38932 
38933 
38934 
38935 
38936 
38937 
38938 
38939 
38940 
38941 
38942 
38943 
38944 
38945 
38946 
38947 
38948 
38970 
38971 
38972 
38973 
38974 
38975 
38976 
38977 
38978 
38979 
38980 
38981 
38982 
38983 
38984 
38985 
38986 
38987 
38988 
38989 
39010 
39011 
39012 
39013 
39014 
39015 
39016 
39017 
39018 
39019 
39020 
39021 
39022 
39023 
39024 
39025 
39026 
39027 
39028 
39029 
39049 
39050 
39051 
39052 
39053 
39054 
39055 
39056 
39057 
39058 
39059 
39060 
39061 
39062 
39063 
39064 
39065 
39066 
39067 
39068 
39069 
39070 
39089 
39090 
39091 
39092 
39093 
39094 
39095 
39096 
39097 
39098 
39099 
39100 
39101 
39102 
39103 
39104 
39105 
39106 
39107 
39108 
39109 
39110 
39129 
39130 
39131 
39132 
39133 
39134 
39135 
39136 
39137 
39138 
39139 
39140 
39141 
39142 
39143 
39144 
39145 
39146 
39147 
39148 
39149 
39150 
22778 
22779 
22780 
22781 
39169 
39170 
39171 
39172 
39173 
39174 
39175 
39176 
39177 
39178 
39179 
39180 
39181 
39182 
39183 
39184 
39185 
39186 
39187 
39188 
39189 
39190 
22815 
22816 
22817 
22818 
22819 
22820 
22821 
22822 
22823 
22824 
39209 
39210 
39211 
39212 
39213 
39214 
39215 
39216 
39217 
39218 
39219 
39220 
39221 
39222 
39223 
39224 
39225 
39226 
39227 
39228 
39229 
39230 
22854 
22855 
22856 
22857 
22858 
22859 
22860 
22861 
22862 
22863 
22864 
39249 
22865 
39250 
39251 
39252 
39253 
39254 
39255 
39256 
39257 
39258 
39259 
39260 
39261 
39262 
39263 
39264 
39265 
39266 
39267 
39268 
39269 
39270 
22892 
22893 
22894 
22895 
22896 
22897 
22898 
22899 
22900 
22901 
22902 
22903 
22904 
39289 
22905 
39290 
22906 
39291 
22907 
39292 
39293 
39294 
39295 
39296 
39297 
39298 
39299 
39300 
39301 
39302 
39303 
39304 
39305 
39306 
39307 
39308 
39309 
39310 
22932 
22933 
22934 
22935 
22936 
22937 
22938 
22939 
22940 
22941 
22942 
22943 
22944 
39329 
22945 
39330 
22946 
39331 
22947 
39332 
39333 
39334 
39335 
39336 
39337 
39338 
39339 
39340 
39341 
39342 
39343 
39344 
39345 
39346 
39347 
39348 
39349 
39350 
22971 
22972 
22973 
22974 
22975 
22976 
22977 
22978 
22979 
22980 
22981 
22982 
22983 
22984 
22985 
39370 
22986 
39371 
22987 
39372 
22988 
39373 
39374 
39375 
39376 
39377 
39378 
39379 
39380 
39381 
39382 
39383 
39384 
39385 
39386 
39387 
39388 
39389 
23010 
23011 
23012 
23013 
23014 
23015 
23016 
23017 
23018 
23019 
23020 
23021 
23022 
23023 
23024 
23025 
39410 
23026 
39411 
23027 
39412 
23028 
39413 
23029 
39414 
39415 
39416 
39417 
39418 
39419 
39420 
39421 
39422 
39423 
39424 
39425 
39426 
39427 
39428 
39429 
23050 
23051 
23052 
23053 
23054 
23055 
23056 
23057 
23058 
23059 
23060 
23061 
23062 
23063 
23064 
23065 
23066 
39451 
23067 
39452 
23068 
39453 
23069 
39454 
39455 
39456 
39457 
39458 
39459 
39460 
39461 
39462 
39463 
39464 
39465 
39466 
39467 
39468 
23090 
23091 
23092 
23093 
23094 
23095 
23096 
23097 
23098 
23099 
23100 
23101 
23102 
23103 
23104 
23105 
23106 
23107 
39492 
23108 
39493 
23109 
39494 
39495 
39496 
39497 
39498 
39499 
39500 
39501 
39502 
39503 
39504 
39505 
39506 
39507 
23129 
23130 
23131 
23132 
23133 
23134 
23135 
23136 
23137 
23138 
23139 
23140 
23141 
23142 
23143 
23144 
23145 
23146 
23147 
23148 
39533 
23149 
39534 
23150 
39535 
39536 
39537 
39538 
39539 
39540 
39541 
39542 
39543 
39544 
39545 
39546 
23169 
23170 
23171 
23172 
23173 
23174 
23175 
23176 
23177 
23178 
23179 
23180 
23181 
23182 
23183 
23184 
23185 
23186 
23187 
23188 
23189 
39574 
23190 
39575 
39576 
39577 
39578 
39579 
39580 
39581 
39582 
39583 
39584 
39585 
23209 
23210 
23211 
23212 
23213 
23214 
23215 
23216 
23217 
23218 
23219 
23220 
23221 
23222 
23223 
23224 
23225 
23226 
23227 
23228 
23229 
23230 
39616 
39617 
39618 
39619 
39620 
39621 
39622 
39623 
23249 
23250 
23251 
23252 
23253 
23254 
23255 
23256 
23257 
23258 
23259 
23260 
23261 
23262 
23263 
23264 
23265 
23266 
23267 
23268 
23269 
23270 
23290 
23291 
23292 
23293 
23294 
23295 
23296 
23297 
23298 
23299 
23300 
23301 
23302 
23303 
23304 
23305 
23306 
23307 
23308 
23309 
23330 
23331 
23332 
23333 
23334 
23335 
23336 
23337 
23338 
23339 
23340 
23341 
23342 
23343 
23344 
23345 
23346 
23347 
23348 
23349 
23370 
23371 
23372 
23373 
23374 
23375 
23376 
23377 
23378 
23379 
23380 
23381 
23382 
23383 
23384 
23385 
23386 
23387 
23388 
23389 
23411 
23412 
23413 
23414 
23415 
23416 
23417 
23418 
23419 
23420 
23421 
23422 
23423 
23424 
23425 
23426 
23427 
23428 
23452 
23453 
23454 
23455 
23456 
23457 
23458 
23459 
23460 
23461 
23462 
23463 
23464 
23465 
23466 
23467 
23492 
23493 
23494 
23495 
23496 
23497 
23498 
23499 
23500 
23501 
23502 
23503 
23504 
23505 
23506 
23507 
23534 
23535 
23536 
23537 
23538 
23539 
23540 
23541 
23542 
23543 
23544 
23545 
23575 
23576 
23577 
23578 
23579 
23580 
23581 
23582 
23583 
23584 
23618 
23619 
23620 
23621 
40378 
40379 
40380 
40381 
40415 
40416 
40417 
40418 
40419 
40420 
40421 
40422 
40423 
40424 
40454 
40455 
40456 
40457 
40458 
40459 
40460 
40461 
40462 
40463 
40464 
40465 
40492 
40493 
40494 
40495 
40496 
40497 
40498 
40499 
40500 
40501 
40502 
40503 
40504 
40505 
40506 
40507 
40532 
40533 
40534 
40535 
40536 
40537 
40538 
40539 
40540 
40541 
40542 
40543 
40544 
40545 
40546 
40547 
40571 
40572 
40573 
40574 
40575 
40576 
40577 
40578 
40579 
40580 
40581 
40582 
40583 
40584 
40585 
40586 
40587 
40588 
40610 
40611 
40612 
40613 
40614 
40615 
40616 
40617 
40618 
40619 
40620 
40621 
40622 
40623 
40624 
40625 
40626 
40627 
40628 
40629 
40650 
40651 
40652 
40653 
40654 
40655 
40656 
40657 
40658 
40659 
40660 
40661 
40662 
40663 
40664 
40665 
40666 
40667 
40668 
40669 
40690 
40691 
40692 
40693 
40694 
40695 
40696 
40697 
40698 
40699 
40700 
40701 
40702 
40703 
40704 
40705 
40706 
40707 
40708 
40709 
40729 
40730 
40731 
40732 
40733 
40734 
40735 
40736 
40737 
40738 
40739 
40740 
40741 
40742 
40743 
40744 
40745 
40746 
40747 
40748 
40749 
40750 
24376 
24377 
24378 
24379 
24380 
24381 
24382 
24383 
40769 
40770 
40771 
40772 
40773 
40774 
40775 
40776 
40777 
40778 
40779 
40780 
40781 
40782 
40783 
40784 
40785 
40786 
40787 
40788 
40789 
40790 
24414 
24415 
24416 
24417 
24418 
24419 
24420 
24421 
24422 
24423 
24424 
40809 
24425 
40810 
40811 
40812 
40813 
40814 
40815 
40816 
40817 
40818 
40819 
40820 
40821 
40822 
40823 
40824 
40825 
40826 
40827 
40828 
40829 
40830 
24453 
24454 
24455 
24456 
24457 
24458 
24459 
24460 
24461 
24462 
24463 
24464 
40849 
24465 
40850 
24466 
40851 
40852 
40853 
40854 
40855 
40856 
40857 
40858 
40859 
40860 
40861 
40862 
40863 
40864 
40865 
40866 
40867 
40868 
40869 
40870 
24492 
24493 
24494 
24495 
24496 
24497 
24498 
24499 
24500 
24501 
24502 
24503 
24504 
24505 
40890 
24506 
40891 
24507 
40892 
40893 
40894 
40895 
40896 
40897 
40898 
40899 
40900 
40901 
40902 
40903 
40904 
40905 
40906 
40907 
40908 
40909 
24531 
24532 
24533 
24534 
24535 
24536 
24537 
24538 
24539 
24540 
24541 
24542 
24543 
24544 
24545 
40930 
24546 
40931 
24547 
40932 
24548 
40933 
40934 
40935 
40936 
40937 
40938 
40939 
40940 
40941 
40942 
40943 
40944 
40945 
40946 
40947 
40948 
40949 
24570 
24571 
24572 
24573 
24574 
24575 
24576 
24577 
24578 
24579 
24580 
24581 
24582 
24583 
24584 
24585 
40970 
24586 
40971 
24587 
40972 
24588 
40973 
24589 
40974 
40975 
40976 
40977 
40978 
40979 
40980 
40981 
40982 
40983 
40984 
40985 
40986 
40987 
40988 
40989 
24610 
24611 
24612 
24613 
24614 
24615 
24616 
24617 
24618 
24619 
24620 
24621 
24622 
24623 
24624 
24625 
24626 
41011 
24627 
41012 
24628 
41013 
24629 
41014 
41015 
41016 
41017 
41018 
41019 
41020 
41021 
41022 
41023 
41024 
41025 
41026 
41027 
41028 
24649 
24650 
24651 
24652 
24653 
24654 
24655 
24656 
24657 
24658 
24659 
24660 
24661 
24662 
24663 
24664 
24665 
24666 
24667 
41052 
24668 
41053 
24669 
41054 
24670 
41055 
41056 
41057 
41058 
41059 
41060 
41061 
41062 
41063 
41064 
41065 
41066 
41067 
24689 
24690 
24691 
24692 
24693 
24694 
24695 
24696 
24697 
24698 
24699 
24700 
24701 
24702 
24703 
24704 
24705 
24706 
24707 
41092 
24708 
41093 
24709 
41094 
24710 
41095 
41096 
41097 
41098 
41099 
41100 
41101 
41102 
41103 
41104 
41105 
41106 
41107 
24729 
24730 
24731 
24732 
24733 
24734 
24735 
24736 
24737 
24738 
24739 
24740 
24741 
24742 
24743 
24744 
24745 
24746 
24747 
24748 
24749 
41134 
24750 
41135 
41136 
41137 
41138 
41139 
41140 
41141 
41142 
41143 
41144 
41145 
24769 
24770 
24771 
24772 
24773 
24774 
24775 
24776 
24777 
24778 
24779 
24780 
24781 
24782 
24783 
24784 
24785 
24786 
24787 
24788 
24789 
24790 
41175 
41176 
41177 
41178 
41179 
41180 
41181 
41182 
41183 
41184 
24809 
24810 
24811 
24812 
24813 
24814 
24815 
24816 
24817 
24818 
24819 
24820 
24821 
24822 
24823 
24824 
24825 
24826 
24827 
24828 
24829 
24830 
41218 
41219 
41220 
41221 
24849 
24850 
24851 
24852 
24853 
24854 
24855 
24856 
24857 
24858 
24859 
24860 
24861 
24862 
24863 
24864 
24865 
24866 
24867 
24868 
24869 
24870 
24889 
24890 
24891 
24892 
24893 
24894 
24895 
24896 
24897 
24898 
24899 
24900 
24901 
24902 
24903 
24904 
24905 
24906 
24907 
24908 
24909 
24910 
24929 
24930 
24931 
24932 
24933 
24934 
24935 
24936 
24937 
24938 
24939 
24940 
24941 
24942 
24943 
24944 
24945 
24946 
24947 
24948 
24949 
24950 
24970 
24971 
24972 
24973 
24974 
24975 
24976 
24977 
24978 
24979 
24980 
24981 
24982 
24983 
24984 
24985 
24986 
24987 
24988 
24989 
25010 
25011 
25012 
25013 
25014 
25015 
25016 
25017 
25018 
25019 
25020 
25021 
25022 
25023 
25024 
25025 
25026 
25027 
25028 
25029 
25051 
25052 
25053 
25054 
25055 
25056 
25057 
25058 
25059 
25060 
25061 
25062 
25063 
25064 
25065 
25066 
25067 
25068 
25092 
25093 
25094 
25095 
25096 
25097 
25098 
25099 
25100 
25101 
25102 
25103 
25104 
25105 
25106 
25107 
25133 
25134 
25135 
25136 
25137 
25138 
25139 
25140 
25141 
25142 
25143 
25144 
25145 
25146 
25174 
25175 
25176 
25177 
25178 
25179 
25180 
25181 
25182 
25183 
25184 
25185 
25216 
25217 
25218 
25219 
25220 
25221 
25222 
25223 
42017 
42018 
42019 
42020 
42021 
42022 
42055 
42056 
42057 
42058 
42059 
42060 
42061 
42062 
42063 
42064 
42093 
42094 
42095 
42096 
42097 
42098 
42099 
42100 
42101 
42102 
42103 
42104 
42105 
42106 
42132 
42133 
42134 
42135 
42136 
42137 
42138 
42139 
42140 
42141 
42142 
42143 
42144 
42145 
42146 
42147 
42172 
42173 
42174 
42175 
42176 
42177 
42178 
42179 
42180 
42181 
42182 
42183 
42184 
42185 
42186 
42187 
42211 
42212 
42213 
42214 
42215 
42216 
42217 
42218 
42219 
42220 
42221 
42222 
42223 
42224 
42225 
42226 
42227 
42228 
42251 
42252 
42253 
42254 
42255 
42256 
42257 
42258 
42259 
42260 
42261 
42262 
42263 
42264 
42265 
42266 
42267 
42268 
42290 
42291 
42292 
42293 
42294 
42295 
42296 
42297 
42298 
42299 
42300 
42301 
42302 
42303 
42304 
42305 
42306 
42307 
42308 
42309 
42330 
42331 
42332 
42333 
42334 
42335 
42336 
42337 
42338 
42339 
42340 
42341 
42342 
42343 
42344 
42345 
42346 
42347 
42348 
42349 
25975 
25976 
25977 
25978 
25979 
25980 
25981 
25982 
25983 
25984 
42370 
42371 
42372 
42373 
42374 
42375 
42376 
42377 
42378 
42379 
42380 
42381 
42382 
42383 
42384 
42385 
42386 
42387 
42388 
42389 
26014 
26015 
26016 
26017 
26018 
26019 
26020 
26021 
26022 
26023 
26024 
26025 
42410 
42411 
42412 
42413 
42414 
42415 
42416 
42417 
42418 
42419 
42420 
42421 
42422 
42423 
42424 
42425 
42426 
42427 
42428 
42429 
26052 
26053 
26054 
26055 
26056 
26057 
26058 
26059 
26060 
26061 
26062 
26063 
26064 
26065 
42450 
26066 
42451 
26067 
42452 
42453 
42454 
42455 
42456 
42457 
42458 
42459 
42460 
42461 
42462 
42463 
42464 
42465 
42466 
42467 
42468 
42469 
26091 
26092 
26093 
26094 
26095 
26096 
26097 
26098 
26099 
26100 
26101 
26102 
26103 
26104 
26105 
42490 
26106 
42491 
26107 
42492 
26108 
42493 
42494 
42495 
42496 
42497 
42498 
42499 
42500 
42501 
42502 
42503 
42504 
42505 
42506 
42507 
42508 
42509 
26131 
26132 
26133 
26134 
26135 
26136 
26137 
26138 
26139 
26140 
26141 
26142 
26143 
26144 
26145 
26146 
42531 
26147 
42532 
26148 
42533 
42534 
42535 
42536 
42537 
42538 
42539 
42540 
42541 
42542 
42543 
42544 
42545 
42546 
42547 
42548 
26170 
26171 
26172 
26173 
26174 
26175 
26176 
26177 
26178 
26179 
26180 
26181 
26182 
26183 
26184 
26185 
26186 
42571 
26187 
42572 
26188 
42573 
26189 
42574 
42575 
42576 
42577 
42578 
42579 
42580 
42581 
42582 
42583 
42584 
42585 
42586 
42587 
42588 
26209 
26210 
26211 
26212 
26213 
26214 
26215 
26216 
26217 
26218 
26219 
26220 
26221 
26222 
26223 
26224 
26225 
26226 
26227 
42612 
26228 
42613 
26229 
42614 
26230 
42615 
42616 
42617 
42618 
42619 
42620 
42621 
42622 
42623 
42624 
42625 
42626 
42627 
26249 
26250 
26251 
26252 
26253 
26254 
26255 
26256 
26257 
26258 
26259 
26260 
26261 
26262 
26263 
26264 
26265 
26266 
26267 
42652 
26268 
42653 
26269 
42654 
26270 
42655 
42656 
42657 
42658 
42659 
42660 
42661 
42662 
42663 
42664 
42665 
42666 
42667 
26289 
26290 
26291 
26292 
26293 
26294 
26295 
26296 
26297 
26298 
26299 
26300 
26301 
26302 
26303 
26304 
26305 
26306 
26307 
26308 
42693 
26309 
42694 
26310 
42695 
42696 
42697 
42698 
42699 
42700 
42701 
42702 
42703 
42704 
42705 
42706 
26329 
26330 
26331 
26332 
26333 
26334 
26335 
26336 
26337 
26338 
26339 
26340 
26341 
26342 
26343 
26344 
26345 
26346 
26347 
26348 
26349 
26350 
42735 
42736 
42737 
42738 
42739 
42740 
42741 
42742 
42743 
42744 
26369 
26370 
26371 
26372 
26373 
26374 
26375 
26376 
26377 
26378 
26379 
26380 
26381 
26382 
26383 
26384 
26385 
26386 
26387 
26388 
26389 
26390 
42777 
42778 
42779 
42780 
42781 
42782 
26409 
26410 
26411 
26412 
26413 
26414 
26415 
26416 
26417 
26418 
26419 
26420 
26421 
26422 
26423 
26424 
26425 
26426 
26427 
26428 
26429 
26430 
26449 
26450 
26451 
26452 
26453 
26454 
26455 
26456 
26457 
26458 
26459 
26460 
26461 
26462 
26463 
26464 
26465 
26466 
26467 
26468 
26469 
26470 
26489 
26490 
26491 
26492 
26493 
26494 
26495 
26496 
26497 
26498 
26499 
26500 
26501 
26502 
26503 
26504 
26505 
26506 
26507 
26508 
26509 
26510 
26529 
26530 
26531 
26532 
26533 
26534 
26535 
26536 
26537 
26538 
26539 
26540 
26541 
26542 
26543 
26544 
26545 
26546 
26547 
26548 
26549 
26550 
26569 
26570 
26571 
26572 
26573 
26574 
26575 
26576 
26577 
26578 
26579 
26580 
26581 
26582 
26583 
26584 
26585 
26586 
26587 
26588 
26589 
26590 
26610 
26611 
26612 
26613 
26614 
26615 
26616 
26617 
26618 
26619 
26620 
26621 
26622 
26623 
26624 
26625 
26626 
26627 
26628 
26629 
26651 
26652 
26653 
26654 
26655 
26656 
26657 
26658 
26659 
26660 
26661 
26662 
26663 
26664 
26665 
26666 
26667 
26668 
26691 
26692 
26693 
26694 
26695 
26696 
26697 
26698 
26699 
26700 
26701 
26702 
26703 
26704 
26705 
26706 
26707 
26708 
26732 
26733 
26734 
26735 
26736 
26737 
26738 
26739 
26740 
26741 
26742 
26743 
26744 
26745 
26746 
26747 
26774 
26775 
26776 
26777 
26778 
26779 
26780 
26781 
26782 
26783 
26784 
26785 
26815 
26816 
26817 
26818 
26819 
26820 
26821 
26822 
26823 
26824 
43656 
43657 
43658 
43659 
43660 
43661 
43662 
43663 
43694 
43695 
43696 
43697 
43698 
43699 
43700 
43701 
43702 
43703 
43704 
43705 
43733 
43734 
43735 
43736 
43737 
43738 
43739 
43740 
43741 
43742 
43743 
43744 
43745 
43746 
43772 
43773 
43774 
43775 
43776 
43777 
43778 
43779 
43780 
43781 
43782 
43783 
43784 
43785 
43786 
43787 
43812 
43813 
43814 
43815 
43816 
43817 
43818 
43819 
43820 
43821 
43822 
43823 
43824 
43825 
43826 
43827 
43851 
43852 
43853 
43854 
43855 
43856 
43857 
43858 
43859 
43860 
43861 
43862 
43863 
43864 
43865 
43866 
43867 
43868 
43891 
43892 
43893 
43894 
43895 
43896 
43897 
43898 
43899 
43900 
43901 
43902 
43903 
43904 
43905 
43906 
43907 
43908 
27538 
27539 
27540 
27541 
43931 
43932 
43933 
43934 
43935 
43936 
43937 
43938 
43939 
43940 
43941 
43942 
43943 
43944 
43945 
43946 
43947 
43948 
27575 
27576 
27577 
27578 
27579 
27580 
27581 
27582 
27583 
27584 
43971 
43972 
43973 
43974 
43975 
43976 
43977 
43978 
43979 
43980 
43981 
43982 
43983 
43984 
43985 
43986 
43987 
43988 
27613 
27614 
27615 
27616 
27617 
27618 
27619 
27620 
27621 
27622 
27623 
27624 
27625 
27626 
44011 
44012 
44013 
44014 
44015 
44016 
44017 
44018 
44019 
44020 
44021 
44022 
44023 
44024 
44025 
44026 
44027 
44028 
27652 
27653 
27654 
27655 
27656 
27657 
27658 
27659 
27660 
27661 
27662 
27663 
27664 
27665 
27666 
44051 
27667 
44052 
44053 
44054 
44055 
44056 
44057 
44058 
44059 
44060 
44061 
44062 
44063 
44064 
44065 
44066 
44067 
44068 
27691 
27692 
27693 
27694 
27695 
27696 
27697 
27698 
27699 
27700 
27701 
27702 
27703 
27704 
27705 
27706 
44091 
27707 
44092 
27708 
44093 
44094 
44095 
44096 
44097 
44098 
44099 
44100 
44101 
44102 
44103 
44104 
44105 
44106 
44107 
44108 
27730 
27731 
27732 
27733 
27734 
27735 
27736 
27737 
27738 
27739 
27740 
27741 
27742 
27743 
27744 
27745 
27746 
44131 
27747 
44132 
27748 
44133 
27749 
44134 
44135 
44136 
44137 
44138 
44139 
44140 
44141 
44142 
44143 
44144 
44145 
44146 
44147 
44148 
27770 
27771 
27772 
27773 
27774 
27775 
27776 
27777 
27778 
27779 
27780 
27781 
27782 
27783 
27784 
27785 
27786 
27787 
44172 
27788 
44173 
27789 
44174 
44175 
44176 
44177 
44178 
44179 
44180 
44181 
44182 
44183 
44184 
44185 
44186 
44187 
27809 
27810 
27811 
27812 
27813 
27814 
27815 
27816 
27817 
27818 
27819 
27820 
27821 
27822 
27823 
27824 
27825 
27826 
27827 
44212 
27828 
44213 
27829 
44214 
27830 
44215 
44216 
44217 
44218 
44219 
44220 
44221 
44222 
44223 
44224 
44225 
44226 
44227 
27849 
27850 
27851 
27852 
27853 
27854 
27855 
27856 
27857 
27858 
27859 
27860 
27861 
27862 
27863 
27864 
27865 
27866 
27867 
27868 
44253 
27869 
44254 
27870 
44255 
44256 
44257 
44258 
44259 
44260 
44261 
44262 
44263 
44264 
44265 
44266 
27889 
27890 
27891 
27892 
27893 
27894 
27895 
27896 
27897 
27898 
27899 
27900 
27901 
27902 
27903 
27904 
27905 
27906 
27907 
27908 
27909 
44294 
27910 
44295 
44296 
44297 
44298 
44299 
44300 
44301 
44302 
44303 
44304 
44305 
27928 
27929 
27930 
27931 
27932 
27933 
27934 
27935 
27936 
27937 
27938 
27939 
27940 
27941 
27942 
27943 
27944 
27945 
27946 
27947 
27948 
27949 
27950 
27951 
44336 
44337 
44338 
44339 
44340 
44341 
44342 
44343 
27968 
27969 
27970 
27971 
27972 
27973 
27974 
27975 
27976 
27977 
27978 
27979 
27980 
27981 
27982 
27983 
27984 
27985 
27986 
27987 
27988 
27989 
27990 
27991 
28008 
28009 
28010 
28011 
28012 
28013 
28014 
28015 
28016 
28017 
28018 
28019 
28020 
28021 
28022 
28023 
28024 
28025 
28026 
28027 
28028 
28029 
28030 
28031 
28048 
28049 
28050 
28051 
28052 
28053 
28054 
28055 
28056 
28057 
28058 
28059 
28060 
28061 
28062 
28063 
28064 
28065 
28066 
28067 
28068 
28069 
28070 
28071 
28089 
28090 
28091 
28092 
28093 
28094 
28095 
28096 
28097 
28098 
28099 
28100 
28101 
28102 
28103 
28104 
28105 
28106 
28107 
28108 
28109 
28110 
28129 
28130 
28131 
28132 
28133 
28134 
28135 
28136 
28137 
28138 
28139 
28140 
28141 
28142 
28143 
28144 
28145 
28146 
28147 
28148 
28149 
28150 
28169 
28170 
28171 
28172 
28173 
28174 
28175 
28176 
28177 
28178 
28179 
28180 
28181 
28182 
28183 
28184 
28185 
28186 
28187 
28188 
28189 
28190 
28210 
28211 
28212 
28213 
28214 
28215 
28216 
28217 
28218 
28219 
28220 
28221 
28222 
28223 
28224 
28225 
28226 
28227 
28228 
28229 
28250 
28251 
28252 
28253 
28254 
28255 
28256 
28257 
28258 
28259 
28260 
28261 
28262 
28263 
28264 
28265 
28266 
28267 
28268 
28269 
28291 
28292 
28293 
28294 
28295 
28296 
28297 
28298 
28299 
28300 
28301 
28302 
28303 
28304 
28305 
28306 
28307 
28308 
28332 
28333 
28334 
28335 
28336 
28337 
28338 
28339 
28340 
28341 
28342 
28343 
28344 
28345 
28346 
28347 
28373 
28374 
28375 
28376 
28377 
28378 
28379 
28380 
28381 
28382 
28383 
28384 
28385 
28386 
28415 
28416 
28417 
28418 
28419 
28420 
28421 
28422 
28423 
28424 
28458 
28459 
28460 
28461 
45296 
45297 
45298 
45299 
45300 
45301 
45302 
45303 
45335 
45336 
45337 
45338 
45339 
45340 
45341 
45342 
45343 
45344 
45374 
45375 
45376 
45377 
45378 
45379 
45380 
45381 
45382 
45383 
45384 
45385 
45413 
45414 
45415 
45416 
45417 
45418 
45419 
45420 
45421 
45422 
45423 
45424 
45425 
45426 
45452 
45453 
45454 
45455 
45456 
45457 
45458 
45459 
45460 
45461 
45462 
45463 
45464 
45465 
45466 
45467 
45492 
45493 
45494 
45495 
45496 
45497 
45498 
45499 
45500 
45501 
45502 
45503 
45504 
45505 
45506 
45507 
29137 
29138 
29139 
29140 
29141 
29142 
45532 
45533 
45534 
45535 
45536 
45537 
45538 
45539 
45540 
45541 
45542 
45543 
45544 
45545 
45546 
45547 
29174 
29175 
29176 
29177 
29178 
29179 
29180 
29181 
29182 
29183 
29184 
29185 
45572 
45573 
45574 
45575 
45576 
45577 
45578 
45579 
45580 
45581 
45582 
45583 
45584 
45585 
45586 
45587 
29213 
29214 
29215 
29216 
29217 
29218 
29219 
29220 
29221 
29222 
29223 
29224 
29225 
29226 
45612 
45613 
45614 
45615 
45616 
45617 
45618 
45619 
45620 
45621 
45622 
45623 
45624 
45625 
45626 
45627 
29252 
29253 
29254 
29255 
29256 
29257 
29258 
29259 
29260 
29261 
29262 
29263 
29264 
29265 
29266 
29267 
45652 
45653 
45654 
45655 
45656 
45657 
45658 
45659 
45660 
45661 
45662 
45663 
45664 
45665 
45666 
45667 
29291 
29292 
29293 
29294 
29295 
29296 
29297 
29298 
29299 
29300 
29301 
29302 
29303 
29304 
29305 
29306 
29307 
45692 
29308 
45693 
45694 
45695 
45696 
45697 
45698 
45699 
45700 
45701 
45702 
45703 
45704 
45705 
45706 
45707 
29330 
29331 
29332 
29333 
29334 
29335 
29336 
29337 
29338 
29339 
29340 
29341 
29342 
29343 
29344 
29345 
29346 
29347 
45732 
29348 
45733 
29349 
45734 
45735 
45736 
45737 
45738 
45739 
45740 
45741 
45742 
45743 
45744 
45745 
45746 
45747 
29369 
29370 
29371 
29372 
29373 
29374 
29375 
29376 
29377 
29378 
29379 
29380 
29381 
29382 
29383 
29384 
29385 
29386 
29387 
29388 
45773 
29389 
45774 
29390 
45775 
45776 
45777 
45778 
45779 
45780 
45781 
45782 
45783 
45784 
45785 
45786 
29409 
29410 
29411 
29412 
29413 
29414 
29415 
29416 
29417 
29418 
29419 
29420 
29421 
29422 
29423 
29424 
29425 
29426 
29427 
29428 
29429 
45814 
29430 
45815 
45816 
45817 
45818 
45819 
45820 
45821 
45822 
45823 
45824 
45825 
29449 
29450 
29451 
29452 
29453 
29454 
29455 
29456 
29457 
29458 
29459 
29460 
29461 
29462 
29463 
29464 
29465 
29466 
29467 
29468 
29469 
29470 
45855 
45856 
45857 
45858 
45859 
45860 
45861 
45862 
45863 
45864 
29488 
29489 
29490 
29491 
29492 
29493 
29494 
29495 
29496 
29497 
29498 
29499 
29500 
29501 
29502 
29503 
29504 
29505 
29506 
29507 
29508 
29509 
29510 
29511 
45896 
45897 
45898 
45899 
45900 
45901 
45902 
45903 
29528 
29529 
29530 
29531 
29532 
29533 
29534 
29535 
29536 
29537 
29538 
29539 
29540 
29541 
29542 
29543 
29544 
29545 
29546 
29547 
29548 
29549 
29550 
29551 
29568 
29569 
29570 
29571 
29572 
29573 
29574 
29575 
29576 
29577 
29578 
29579 
29580 
29581 
29582 
29583 
29584 
29585 
29586 
29587 
29588 
29589 
29590 
29591 
29608 
29609 
29610 
29611 
29612 
29613 
29614 
29615 
29616 
29617 
29618 
29619 
29620 
29621 
29622 
29623 
29624 
29625 
29626 
29627 
29628 
29629 
29630 
29631 
29648 
29649 
29650 
29651 
29652 
29653 
29654 
29655 
29656 
29657 
29658 
29659 
29660 
29661 
29662 
29663 
29664 
29665 
29666 
29667 
29668 
29669 
29670 
29671 
29688 
29689 
29690 
29691 
29692 
29693 
29694 
29695 
29696 
29697 
29698 
29699 
29700 
29701 
29702 
29703 
29704 
29705 
29706 
29707 
29708 
29709 
29710 
29711 
29729 
29730 
29731 
29732 
29733 
29734 
29735 
29736 
29737 
29738 
29739 
29740 
29741 
29742 
29743 
29744 
29745 
29746 
29747 
29748 
29749 
29750 
29769 
29770 
29771 
29772 
29773 
29774 
29775 
29776 
29777 
29778 
29779 
29780 
29781 
29782 
29783 
29784 
29785 
29786 
29787 
29788 
29789 
29790 
29809 
29810 
29811 
29812 
29813 
29814 
29815 
29816 
29817 
29818 
29819 
29820 
29821 
29822 
29823 
29824 
29825 
29826 
29827 
29828 
29829 
29830 
29850 
29851 
29852 
29853 
29854 
29855 
29856 
29857 
29858 
29859 
29860 
29861 
29862 
29863 
29864 
29865 
29866 
29867 
29868 
29869 
13498 
13499 
13500 
13501 
29891 
29892 
29893 
29894 
29895 
29896 
29897 
29898 
29899 
29900 
29901 
29902 
29903 
29904 
29905 
29906 
29907 
29908 
13537 
13538 
13539 
13540 
13541 
13542 
29932 
29933 
29934 
29935 
29936 
29937 
29938 
29939 
29940 
29941 
29942 
29943 
29944 
29945 
29946 
29947 
13577 
13578 
13579 
13580 
13581 
13582 
29973 
29974 
29975 
29976 
29977 
29978 
29979 
29980 
29981 
29982 
29983 
29984 
29985 
29986 
13617 
13618 
13619 
13620 
13621 
13622 
30014 
30015 
30016 
30017 
30018 
30019 
30020 
30021 
30022 
30023 
30024 
30025 
13657 
13658 
13659 
13660 
13661 
13662 
30057 
30058 
30059 
30060 
30061 
30062 
13698 
13699 
13700 
13701 
46937 
46938 
46939 
46940 
46941 
46942 
46975 
46976 
46977 
46978 
46979 
46980 
46981 
46982 
46983 
46984 
47014 
47015 
47016 
47017 
47018 
47019 
47020 
47021 
47022 
47023 
47024 
47025 
47054 
47055 
47056 
47057 
47058 
47059 
47060 
47061 
47062 
47063 
47064 
47065 
47093 
47094 
47095 
47096 
47097 
47098 
47099 
47100 
47101 
47102 
47103 
47104 
47105 
47106 
30737 
30738 
30739 
30740 
30741 
30742 
47133 
47134 
47135 
47136 
47137 
47138 
47139 
47140 
47141 
47142 
47143 
47144 
47145 
47146 
30774 
30775 
30776 
30777 
30778 
30779 
30780 
30781 
30782 
30783 
30784 
30785 
47173 
47174 
47175 
47176 
47177 
47178 
47179 
47180 
47181 
47182 
47183 
47184 
47185 
47186 
30813 
30814 
30815 
30816 
30817 
30818 
30819 
30820 
30821 
30822 
30823 
30824 
30825 
30826 
47213 
47214 
47215 
47216 
47217 
47218 
47219 
47220 
47221 
47222 
47223 
47224 
47225 
47226 
30852 
30853 
30854 
30855 
30856 
30857 
30858 
30859 
30860 
30861 
30862 
30863 
30864 
30865 
30866 
30867 
47253 
47254 
47255 
47256 
47257 
47258 
47259 
47260 
47261 
47262 
47263 
47264 
47265 
47266 
30891 
30892 
30893 
30894 
30895 
30896 
30897 
30898 
30899 
30900 
30901 
30902 
30903 
30904 
30905 
30906 
30907 
30908 
47293 
47294 
47295 
47296 
47297 
47298 
47299 
47300 
47301 
47302 
47303 
47304 
47305 
47306 
30930 
30931 
30932 
30933 
30934 
30935 
30936 
30937 
30938 
30939 
30940 
30941 
30942 
30943 
30944 
30945 
30946 
30947 
30948 
30949 
47334 
47335 
47336 
47337 
47338 
47339 
47340 
47341 
47342 
47343 
47344 
47345 
30969 
30970 
30971 
30972 
30973 
30974 
30975 
30976 
30977 
30978 
30979 
30980 
30981 
30982 
30983 
30984 
30985 
30986 
30987 
30988 
30989 
47374 
30990 
47375 
47376 
47377 
47378 
47379 
47380 
47381 
47382 
47383 
47384 
47385 
31009 
31010 
31011 
31012 
31013 
31014 
31015 
31016 
31017 
31018 
31019 
31020 
31021 
31022 
31023 
31024 
31025 
31026 
31027 
31028 
31029 
31030 
47415 
47416 
47417 
47418 
47419 
47420 
47421 
47422 
47423 
47424 
31049 
31050 
31051 
31052 
31053 
31054 
31055 
31056 
31057 
31058 
31059 
31060 
31061 
31062 
31063 
31064 
31065 
31066 
31067 
31068 
31069 
31070 
47457 
47458 
47459 
47460 
47461 
47462 
31088 
31089 
31090 
31091 
31092 
31093 
31094 
31095 
31096 
31097 
31098 
31099 
31100 
31101 
31102 
31103 
31104 
31105 
31106 
31107 
31108 
31109 
31110 
31111 
31128 
31129 
31130 
31131 
31132 
31133 
31134 
31135 
31136 
31137 
31138 
31139 
31140 
31141 
31142 
31143 
31144 
31145 
31146 
31147 
31148 
31149 
31150 
31151 
31168 
31169 
31170 
31171 
31172 
31173 
31174 
31175 
31176 
31177 
31178 
31179 
31180 
31181 
31182 
31183 
31184 
31185 
31186 
31187 
31188 
31189 
31190 
31191 
31208 
31209 
31210 
31211 
31212 
31213 
31214 
31215 
31216 
31217 
31218 
31219 
31220 
31221 
31222 
31223 
31224 
31225 
31226 
31227 
31228 
31229 
31230 
31231 
31248 
31249 
31250 
31251 
31252 
31253 
31254 
31255 
31256 
31257 
31258 
31259 
31260 
31261 
31262 
31263 
31264 
31265 
31266 
31267 
31268 
31269 
31270 
31271 
31288 
31289 
31290 
31291 
31292 
31293 
31294 
31295 
31296 
31297 
31298 
31299 
31300 
31301 
31302 
31303 
31304 
31305 
31306 
31307 
31308 
31309 
31310 
31311 
31329 
31330 
31331 
31332 
31333 
31334 
31335 
31336 
31337 
31338 
31339 
31340 
31341 
31342 
31343 
31344 
31345 
31346 
31347 
31348 
31349 
31350 
14978 
14979 
14980 
14981 
31369 
31370 
31371 
31372 
31373 
31374 
31375 
31376 
31377 
31378 
31379 
31380 
31381 
31382 
31383 
31384 
31385 
31386 
31387 
31388 
31389 
31390 
15016 
15017 
15018 
15019 
15020 
15021 
15022 
15023 
31409 
31410 
31411 
31412 
31413 
31414 
31415 
31416 
31417 
31418 
31419 
31420 
31421 
31422 
31423 
31424 
31425 
31426 
31427 
31428 
31429 
31430 
15055 
15056 
15057 
15058 
15059 
15060 
15061 
15062 
15063 
15064 
31450 
31451 
31452 
31453 
31454 
31455 
31456 
31457 
31458 
31459 
31460 
31461 
31462 
31463 
31464 
31465 
31466 
31467 
31468 
31469 
15095 
15096 
15097 
15098 
15099 
15100 
15101 
15102 
15103 
15104 
31491 
31492 
31493 
31494 
31495 
31496 
31497 
31498 
31499 
31500 
31501 
31502 
31503 
31504 
31505 
31506 
31507 
31508 
15134 
15135 
15136 
15137 
15138 
15139 
15140 
15141 
15142 
15143 
15144 
15145 
31532 
31533 
31534 
31535 
31536 
31537 
31538 
31539 
31540 
31541 
31542 
31543 
31544 
31545 
31546 
31547 
15174 
15175 
15176 
15177 
15178 
15179 
15180 
15181 
15182 
15183 
15184 
15185 
31573 
31574 
31575 
31576 
31577 
31578 
31579 
31580 
31581 
31582 
31583 
31584 
31585 
31586 
15214 
15215 
15216 
15217 
15218 
15219 
15220 
15221 
15222 
15223 
15224 
15225 
31614 
31615 
31616 
31617 
31618 
31619 
31620 
31621 
31622 
31623 
31624 
31625 
15254 
15255 
15256 
15257 
15258 
15259 
15260 
15261 
15262 
15263 
15264 
15265 
31657 
31658 
31659 
31660 
31661 
31662 
15295 
15296 
15297 
15298 
15299 
15300 
15301 
15302 
15303 
15304 
15335 
15336 
15337 
15338 
15339 
15340 
15341 
15342 
15343 
15344 
15376 
15377 
15378 
15379 
15380 
15381 
15382 
15383 
15418 
15419 
15420 
15421 
48578 
48579 
48580 
48581 
48616 
48617 
48618 
48619 
48620 
48621 
48622 
48623 
48655 
48656 
48657 
48658 
48659 
48660 
48661 
48662 
48663 
48664 
48695 
48696 
48697 
48698 
48699 
48700 
48701 
48702 
48703 
48704 
32337 
32338 
32339 
32340 
32341 
32342 
48734 
48735 
48736 
48737 
48738 
48739 
48740 
48741 
48742 
48743 
48744 
48745 
32374 
32375 
32376 
32377 
32378 
32379 
32380 
32381 
32382 
32383 
32384 
32385 
48774 
48775 
48776 
48777 
48778 
48779 
48780 
48781 
48782 
48783 
48784 
48785 
32413 
32414 
32415 
32416 
32417 
32418 
32419 
32420 
32421 
32422 
32423 
32424 
32425 
32426 
48814 
48815 
48816 
48817 
48818 
48819 
48820 
48821 
48822 
48823 
48824 
48825 
32452 
32453 
32454 
32455 
32456 
32457 
32458 
32459 
32460 
32461 
32462 
32463 
32464 
32465 
32466 
32467 
48854 
48855 
48856 
48857 
48858 
48859 
48860 
48861 
48862 
48863 
48864 
48865 
32491 
32492 
32493 
32494 
32495 
32496 
32497 
32498 
32499 
32500 
32501 
32502 
32503 
32504 
32505 
32506 
32507 
32508 
48895 
48896 
48897 
48898 
48899 
48900 
48901 
48902 
48903 
48904 
32530 
32531 
32532 
32533 
32534 
32535 
32536 
32537 
32538 
32539 
32540 
32541 
32542 
32543 
32544 
32545 
32546 
32547 
32548 
32549 
48935 
48936 
48937 
48938 
48939 
48940 
48941 
48942 
48943 
48944 
32569 
32570 
32571 
32572 
32573 
32574 
32575 
32576 
32577 
32578 
32579 
32580 
32581 
32582 
32583 
32584 
32585 
32586 
32587 
32588 
32589 
32590 
48976 
48977 
48978 
48979 
48980 
48981 
48982 
48983 
32609 
32610 
32611 
32612 
32613 
32614 
32615 
32616 
32617 
32618 
32619 
32620 
32621 
32622 
32623 
32624 
32625 
32626 
32627 
32628 
32629 
32630 
49018 
49019 
49020 
49021 
32649 
32650 
32651 
32652 
32653 
32654 
32655 
32656 
32657 
32658 
32659 
32660 
32661 
32662 
32663 
32664 
32665 
32666 
32667 
32668 
32669 
32670 
32688 
32689 
32690 
32691 
32692 
32693 
32694 
32695 
32696 
32697 
32698 
32699 
32700 
32701 
32702 
32703 
32704 
32705 
32706 
32707 
32708 
32709 
32710 
32711 
32728 
32729 
32730 
32731 
32732 
32733 
32734 
32735 
32736 
32737 
32738 
32739 
32740 
32741 
32742 
32743 
32744 
32745 
32746 
32747 
32748 
32749 
32750 
32751 
)

// ************************************************************************* //
