/*--------------------------------*- C++ -*----------------------------------*\
  =========                 |
  \\      /  F ield         | OpenFOAM: The Open Source CFD Toolbox
   \\    /   O peration     | Website:  https://openfoam.org
    \\  /    A nd           | Version:  6
     \\/     M anipulation  |
\*---------------------------------------------------------------------------*/
FoamFile
{
    version     2.0;
    format      ascii;
    class       vectorField;
    location    "constant/WE/polyMesh";
    object      points;
}
// * * * * * * * * * * * * * * * * * * * * * * * * * * * * * * * * * * * * * //


76
(
(0 0 0)
(2.5e-06 0 0)
(5e-06 0 0)
(7.5e-06 0 0)
(1e-05 0 0)
(1.25e-05 0 0)
(1.5e-05 0 0)
(1.75e-05 0 0)
(2e-05 0 0)
(2.25e-05 0 0)
(2.5e-05 0 0)
(2.75e-05 0 0)
(3e-05 0 0)
(3.25e-05 0 0)
(3.5e-05 0 0)
(3.75e-05 0 0)
(4e-05 0 0)
(4.25e-05 0 0)
(4.5e-05 0 0)
(0 3e-05 0)
(2.5e-06 3e-05 0)
(5e-06 3e-05 0)
(7.5e-06 3e-05 0)
(1e-05 3e-05 0)
(1.25e-05 3e-05 0)
(1.5e-05 3e-05 0)
(1.75e-05 3e-05 0)
(2e-05 3e-05 0)
(2.25e-05 3e-05 0)
(2.5e-05 3e-05 0)
(2.75e-05 3e-05 0)
(3e-05 3e-05 0)
(3.25e-05 3e-05 0)
(3.5e-05 3e-05 0)
(3.75e-05 3e-05 0)
(4e-05 3e-05 0)
(4.25e-05 3e-05 0)
(4.5e-05 3e-05 0)
(0 0 1e-05)
(2.5e-06 0 1e-05)
(5e-06 0 1e-05)
(7.5e-06 0 1e-05)
(1e-05 0 1e-05)
(1.25e-05 0 1e-05)
(1.5e-05 0 1e-05)
(1.75e-05 0 1e-05)
(2e-05 0 1e-05)
(2.25e-05 0 1e-05)
(2.5e-05 0 1e-05)
(2.75e-05 0 1e-05)
(3e-05 0 1e-05)
(3.25e-05 0 1e-05)
(3.5e-05 0 1e-05)
(3.75e-05 0 1e-05)
(4e-05 0 1e-05)
(4.25e-05 0 1e-05)
(4.5e-05 0 1e-05)
(0 3e-05 1e-05)
(2.5e-06 3e-05 1e-05)
(5e-06 3e-05 1e-05)
(7.5e-06 3e-05 1e-05)
(1e-05 3e-05 1e-05)
(1.25e-05 3e-05 1e-05)
(1.5e-05 3e-05 1e-05)
(1.75e-05 3e-05 1e-05)
(2e-05 3e-05 1e-05)
(2.25e-05 3e-05 1e-05)
(2.5e-05 3e-05 1e-05)
(2.75e-05 3e-05 1e-05)
(3e-05 3e-05 1e-05)
(3.25e-05 3e-05 1e-05)
(3.5e-05 3e-05 1e-05)
(3.75e-05 3e-05 1e-05)
(4e-05 3e-05 1e-05)
(4.25e-05 3e-05 1e-05)
(4.5e-05 3e-05 1e-05)
)


// ************************************************************************* //
